57 25 65
75 58 0
87 85 1
46 85 88
90 19 47
13 64 47
7 5 10
89 53 9
38 91 54
52 75 7
75 21 8
97 50 81
85 65 13
1 28 67
44 24 73
52 51 82
33 29 83
38 79 95
12 26 70
48 47 77
23 18 32
47 43 96
76 70 7
90 39 25
65 44 87
76 66 60
44 57 97
53 1 18
75 20 93
64 32 53
46 94 81
6 64 78
79 15 76
29 25 14
10 24 57
32 51 52
87 88 22
68 27 8
14 69 44
9 48 38
11 8 82
34 24 73
4 68 3
63 47 60
96 87 42
71 64 89
74 66 59
93 30 9
54 80 81
36 68 77
74 76 98
36 90 42
9 35 46
89 36 7
50 93 13
27 51 31
91 17 51
49 76 84
73 25 73
64 51 59
38 15 57
45 48 54
23 89 24
80 23 28
54 19 78
78 29 12
1 50 34
20 92 22
21 70 21
54 61 45
43 23 11
56 11 48
7 38 28
83 48 1
87 48 22
5 72 43
16 48 61
12 88 63
43 5 47
57 73 16
44 28 1
59 24 78
28 62 48
87 94 85
2 22 83
74 84 85
21 13 99
78 74 94
62 14 82
70 41 80
51 49 15
9 53 2
7 22 49
30 38 38
77 38 76
2 74 44
32 93 45
8 17 77
15 7 42
12 74 83
96 72 9
11 70 92
55 23 86
0 57 93
33 9 69
78 39 13
64 94 28
35 62 98
59 81 82
49 5 39
88 86 48
42 3 52
99 42 41
75 23 78
61 2 47
80 96 85
4 2 52
38 95 28
88 77 30
6 4 0
0 44 18
49 58 74
78 42 67
80 66 3
58 35 86
43 52 8
59 57 16
47 59 34
16 33 82
54 45 11
1 56 26
77 91 9
77 36 70
27 60 90
93 11 92
13 91 38
65 56 25
57 35 30
17 75 21
31 7 77
27 92 72
6 45 34
18 41 27
45 40 22
39 20 84
84 99 35
66 15 44
53 93 91
84 6 34
25 50 79
30 38 68
87 57 20
92 74 0
7 39 12
43 62 13
38 33 5
27 45 93
84 55 45
9 36 53
97 15 33
18 19 92
78 98 16
40 39 48
96 40 19
78 96 99
52 22 82
70 61 18
42 3 71
84 12 27
55 73 10
20 41 55
64 21 11
50 83 37
79 21 38
99 43 81
56 44 18
56 22 25
19 14 66
53 17 38
55 94 42
58 11 22
88 92 83
84 97 20
0 74 72
71 26 67
57 74 59
95 19 20
33 17 65
39 18 89
43 34 59
21 24 72
22 4 18
86 86 28
45 66 95
33 55 3
11 16 54
81 55 63
74 80 79
20 71 59
48 47 12
22 65 8
77 85 54
25 76 81
70 14 33
47 95 51
4 85 54
46 59 89
63 95 7
1 77 70
57 20 8
91 18 55
24 32 50
56 54 94
11 77 77
50 32 24
84 65 49
51 60 44
10 17 94
60 85 63
38 77 86
9 26 32
93 56 4
25 87 40
89 98 85
87 74 49
89 52 4
41 0 95
62 36 26
32 50 43
11 11 97
12 73 0
91 76 42
69 77 45
29 54 41
27 33 86
35 96 58
59 22 98
0 27 71
24 49 92
24 15 14
3 22 60
6 40 85
83 69 99
98 35 7
53 62 71
50 43 86
2 13 38
97 43 12
98 33 48
18 88 90
64 7 84
32 65 32
30 26 9
7 93 0
10 90 77
70 78 37
99 5 13
59 7 65
36 81 32
63 84 14
43 91 35
53 95 18
86 31 8
69 99 89
96 72 0
46 17 74
76 88 60
16 6 3
34 5 10
32 97 49
44 91 2
46 56 23
10 73 45
78 3 85
49 42 5
69 58 84
44 13 29
44 43 64
19 48 86
99 88 90
89 57 52
38 17 17
23 64 87
76 78 17
16 22 28
27 26 24
76 20 89
0 98 97
94 11 26
9 80 66
87 13 68
16 34 56
84 0 53
52 27 38
89 64 27
50 15 17
68 29 43
80 34 11
44 72 89
85 74 81
25 12 86
62 63 85
74 75 63
35 62 76
65 78 95
46 17 85
27 77 77
51 83 7
54 89 45
9 36 12
65 49 82
53 40 10
85 87 38
3 51 9
28 53 4
60 94 93
53 56 71
4 51 62
53 80 0
24 38 18
18 33 50
93 6 72
66 64 87
0 63 52
73 55 21
79 84 20
71 95 98
59 40 43
97 4 84
16 17 70
78 8 37
50 98 9
45 33 3
42 83 12
46 85 75
53 38 33
76 45 5
98 8 56
72 36 93
15 66 78
51 0 86
84 28 86
55 20 28
52 8 40
82 62 14
64 65 82
10 49 67
76 11 73
53 84 34
68 95 9
5 85 24
94 30 57
3 30 78
20 72 38
65 65 45
59 46 73
30 86 90
28 51 50
12 77 81
22 40 24
4 6 92
25 49 47
19 20 33
80 78 94
60 93 87
33 71 90
39 52 71
77 42 52
30 32 72
73 93 22
36 33 60
67 8 15
39 88 95
24 23 51
20 80 23
83 23 18
44 63 59
42 56 36
59 67 93
49 11 58
7 55 69
21 62 30
17 67 8
27 8 35
37 44 5
55 86 28
76 68 63
10 6 35
66 40 82
58 38 82
4 70 77
56 35 23
90 1 53
33 82 83
72 57 74
46 93 69
2 31 48
51 89 45
40 64 93
17 2 48
68 39 38
78 25 80
9 81 33
93 32 38
67 3 24
81 29 17
52 80 67
72 34 32
35 2 41
0 59 3
36 54 85
49 66 30
89 54 76
85 7 90
74 41 26
66 87 88
79 26 84
93 94 29
58 13 76
25 96 31
32 92 55
60 51 57
82 6 29
34 49 90
44 5 65
6 38 59
73 53 31
48 35 87
63 28 77
71 88 17
67 74 85
62 15 83
40 63 50
45 59 22
49 8 85
26 97 49
25 12 95
73 50 69
31 59 76
34 55 65
22 74 33
39 92 30
50 83 59
5 61 7
89 98 50
31 76 37
88 42 77
21 89 1
53 4 97
27 20 74
79 97 66
84 35 47
27 23 39
37 26 72
2 60 82
56 46 20
38 27 81
35 73 34
18 47 52
77 88 72
43 28 8
83 35 82
97 13 20
81 14 3
12 0 69
45 13 98
49 22 33
46 74 61
1 31 60
26 57 54
90 50 14
30 64 59
41 44 31
8 4 39
81 80 47
4 54 46
47 86 71
88 56 33
90 9 47
68 80 26
8 28 45
99 84 62
8 99 53
58 45 84
68 6 6
65 35 44
44 33 47
11 72 27
29 80 25
46 68 6
66 91 24
30 70 85
59 41 37
57 87 27
15 2 10
29 3 88
47 37 61
43 29 51
46 58 1
5 81 97
96 21 67
64 30 43
73 84 1
57 25 89
35 5 11
13 30 53
9 67 17
43 20 39
54 15 33
65 70 70
91 64 63
7 90 24
11 70 6
52 98 38
74 31 65
57 59 70
96 31 43
66 59 30
95 5 36
34 10 11
52 8 51
19 66 38
95 72 33
60 74 48
17 62 17
31 69 53
72 91 54
32 17 33
45 34 90
63 83 65
94 83 88
48 2 38
86 78 27
38 43 31
5 39 21
49 28 5
76 90 87
94 35 97
43 93 89
70 69 91
34 8 54
88 36 82
21 62 48
55 77 5
5 48 27
46 56 78
3 54 63
15 40 95
57 35 44
58 63 12
64 22 37
6 92 31
89 75 35
21 83 95
47 29 36
77 3 70
13 70 97
30 97 77
86 96 23
4 6 43
37 16 38
25 14 46
97 89 96
20 91 13
87 24 72
7 88 52
14 42 76
12 6 61
68 92 60
40 0 18
13 80 54
66 65 67
1 63 96
73 0 90
23 55 3
59 83 72
42 22 11
37 96 2
89 74 92
17 63 83
29 98 10
50 70 22
32 58 79
31 82 29
29 0 85
64 98 49
77 97 34
11 77 59
85 95 44
75 76 14
63 34 78
55 41 64
0 81 62
33 74 60
59 21 77
10 75 50
65 40 78
18 23 23
79 30 95
11 12 56
51 5 47
50 24 48
97 0 96
18 37 45
94 25 78
64 59 7
60 12 34
46 82 4
6 33 1
78 40 13
92 68 23
11 86 80
61 6 24
27 71 10
4 47 99
33 37 67
65 7 95
37 0 99
65 15 92
19 8 30
91 34 43
74 67 99
65 91 10
48 55 49
49 64 91
21 5 43
95 69 11
20 50 6
75 69 81
38 26 32
93 15 33
50 88 23
8 62 28
48 94 10
53 70 10
49 56 98
10 2 71
11 38 44
51 55 47
77 68 65
54 88 74
10 70 50
25 53 89
80 21 5
85 5 25
48 77 81
60 2 41
48 90 96
22 59 1
30 72 60
68 6 77
45 90 68
34 50 77
81 14 48
76 1 59
77 58 42
36 13 35
33 68 34
90 22 83
4 90 84
37 7 94
93 25 14
56 71 11
70 67 39
43 58 59
75 14 13
82 3 99
77 31 50
79 67 27
55 74 45
8 11 17
45 86 18
65 40 4
24 20 27
67 43 88
82 60 28
81 14 55
62 31 45
71 85 82
29 70 65
38 26 37
6 78 84
62 96 5
11 41 38
41 17 62
83 17 98
76 89 27
40 61 88
77 26 67
14 95 34
36 34 98
3 70 61
8 0 6
98 94 68
30 62 50
43 99 67
64 78 79
1 74 68
18 25 47
39 32 9
5 54 58
85 7 47
38 34 32
49 28 86
89 12 28
5 14 75
61 99 48
94 35 67
22 84 72
30 57 31
5 83 53
36 60 37
44 8 22
56 2 22
37 14 13
65 96 4
21 94 42
11 35 39
72 74 85
43 47 83
6 32 96
39 68 31
46 93 21
23 3 45
13 46 42
2 28 31
23 48 53
36 47 75
24 25 1
93 7 99
63 97 22
92 85 68
54 41 9
48 7 34
58 34 21
2 79 56
19 29 60
93 89 36
48 38 97
96 45 78
22 51 82
14 70 63
42 23 48
34 6 40
32 86 70
54 60 53
24 39 46
80 34 63
59 36 99
47 25 43
59 4 9
42 17 22
17 72 44
23 81 26
70 9 26
20 42 52
2 65 53
86 32 67
88 95 21
16 74 34
41 21 49
31 32 35
68 3 81
42 85 45
1 24 3
11 98 32
66 12 65
62 56 86
68 97 37
87 81 28
10 51 87
93 95 0
39 68 9
72 29 98
13 52 32
24 1 10
17 36 51
53 97 2
36 7 26
89 70 81
46 40 70
8 7 22
48 14 63
10 13 36
58 47 23
66 36 24
63 42 34
26 18 63
86 92 29
75 91 99
4 34 22
46 46 93
36 53 21
64 46 8
57 38 22
9 27 78
68 13 80
78 88 63
50 66 31
71 79 37
63 54 38
28 39 64
43 65 22
20 13 98
23 5 45
29 65 64
28 15 74
80 72 92
29 79 1
68 67 61
16 87 63
64 75 70
48 89 4
73 31 61
70 75 7
11 8 14
11 30 92
95 35 1
33 21 20
57 5 75
56 18 16
74 16 17
21 38 29
77 67 67
62 68 41
13 32 38
78 1 19
76 25 55
57 88 81
95 38 2
97 27 92
51 31 27
73 29 90
79 80 26
31 83 38
90 16 56
20 91 18
73 85 32
23 55 98
25 97 44
0 41 1
51 24 70
13 24 66
64 14 13
96 42 64
69 29 28
0 95 32
4 88 2
90 17 17
94 8 55
3 77 71
26 24 70
59 32 95
4 94 11
97 53 26
48 69 42
77 15 9
45 52 53
12 52 1
98 37 36
24 5 81
79 52 34
26 5 49
23 30 62
2 19 3
60 14 45
11 1 81
91 4 46
87 32 61
70 39 49
58 78 41
75 50 98
3 13 86
74 88 39
32 4 76
84 31 54
12 97 93
63 96 80
38 2 29
43 38 46
48 20 32
2 7 70
57 87 51
53 15 65
6 6 51
87 77 97
67 80 20
49 61 37
29 48 30
39 83 7
54 95 78
8 26 66
76 36 85
18 40 76
18 19 71
91 7 87
81 72 13
86 36 54
95 50 50
56 19 28
18 61 94
9 35 16
83 65 36
16 89 83
65 36 35
53 23 99
47 3 7
78 74 92
60 59 3
34 79 40
18 5 73
33 60 21
79 67 40
55 31 23
54 69 53
37 51 21
71 46 56
18 29 57
86 75 16
81 29 86
19 95 91
1 59 95
19 35 34
73 70 14
33 31 73
70 6 2
67 96 78
3 99 59
23 46 87
44 19 87
62 76 36
41 55 88
63 20 72
98 84 17
30 52 56
28 25 60
49 84 19
42 55 80
0 74 22
34 26 15
69 19 48
60 67 97
29 31 16
19 10 12
94 6 95
77 93 6
38 3 88
82 88 25
86 16 56
4 21 46
33 73 60
74 73 73
93 0 79
73 89 63
17 97 73
80 96 89
68 38 66
28 75 47
45 90 81
45 45 78
35 34 18
71 8 42
73 78 10
34 54 99
7 4 36
20 27 37
93 94 45
92 4 16
78 77 21
34 91 10
87 55 39
87 53 23
88 93 11
57 25 61
98 62 50
63 70 31
31 37 33
30 1 39
53 43 46
58 47 41
61 63 95
90 51 39
91 81 15
11 75 65
20 59 29
59 21 27
94 52 64
46 49 1
62 96 55
31 11 10
4 57 58
60 10 0
91 25 47
70 61 82
96 14 57
48 41 54
51 50 70
56 79 21
1 96 72
31 75 42
49 26 77
45 96 57
52 3 83
21 0 3
29 17 1
98 99 97
16 54 51
85 15 19
71 10 8
58 7 5
12 12 8
76 30 6
18 29 37
16 84 97
60 56 5
41 33 68
68 64 66
94 2 46
25 27 63
83 42 82
72 28 54
65 75 82
91 36 23
92 87 28
15 46 13
56 27 81
51 26 49
83 4 6
38 28 11
51 75 24
44 56 24
91 38 8
45 94 67
48 38 23
76 67 99
15 46 51
7 96 38
39 6 95
26 58 7
17 74 82
56 85 84
71 47 88
68 53 18
32 29 23
57 84 6
70 80 93
19 52 67
93 3 10
99 35 18
2 99 65
9 25 74
3 15 7
53 42 69
72 32 57
77 1 35
86 13 95
54 12 64
96 14 28
72 6 18
39 33 67
75 14 9
97 52 51
43 6 70
83 26 32
99 71 48
96 0 6
29 24 76
86 3 36
67 95 41
15 95 34
9 23 99
97 78 66
66 33 75
5 0 43
2 91 65
97 93 27
61 83 20
28 98 47
6 56 35
97 33 40
11 95 80
18 18 37
93 23 40
9 40 6
8 20 60
1 93 51
70 20 7
19 86 7
8 78 79
66 83 52
6 48 8
61 72 27
15 79 88
39 72 68
23 64 9
92 91 4
56 5 72
45 67 36
32 55 47
47 71 43
90 56 39
17 99 25
81 20 82
64 31 61
93 66 55
71 92 19
1 23 32
94 3 68
7 38 10
66 94 55
21 97 86
3 7 22
49 86 62
82 29 97
95 85 15
4 8 93
0 57 90
34 57 37
42 62 23
16 44 4
74 8 16
31 83 85
28 5 3
39 54 48
32 69 3
33 72 26
60 23 19
50 32 75
17 4 64
34 83 91
62 22 23
68 65 52
24 75 43
92 90 47
8 78 90
28 5 20
5 73 62
63 64 51
1 50 40
41 22 96
31 47 99
14 50 18
0 7 53
10 10 89
18 16 44
5 29 11
10 79 92
76 63 29
48 5 32
46 94 18
29 84 85
15 65 45
25 29 62
6 74 15
55 37 52
17 13 37
36 4 46
57 65 59
91 16 13
30 76 37
10 64 86
4 42 11
13 1 80
87 29 22
19 11 1
54 48 76
17 88 35
50 35 50
2 53 7
54 18 80
34 65 36
83 71 37
41 44 93
52 20 44
57 42 50
78 26 5
38 73 51
82 89 49
60 73 33
52 12 52
32 86 51
99 15 4
78 69 56
92 29 80
40 20 55
69 84 14
80 20 80
18 22 18
61 16 78
8 32 54
45 59 3
46 24 52
76 77 61
48 39 24
73 24 95
72 28 50
18 82 49
73 1 8
30 94 82
93 12 11
54 33 52
68 92 72
93 90 46
65 61 99
44 81 54
48 8 58
81 12 14
52 2 50
90 46 69
90 30 88
54 54 10
65 88 44
98 18 46
71 16 78
11 16 91
4 82 45
49 38 97
36 45 47
87 43 0
7 44 29
84 10 23
99 18 89
23 81 37
25 77 46
26 63 67
69 38 98
60 15 30
70 87 31
76 60 61
99 45 11
64 71 41
98 32 34
33 87 60
26 57 54
50 64 60
41 10 73
63 21 88
57 13 9
26 41 33
89 17 68
70 40 63
36 87 45
84 99 93
81 91 2
43 98 40
50 41 90
3 92 56
15 1 26
20 72 29
1 15 30
77 6 13
44 72 50
89 11 93
6 87 54
23 33 81
38 75 12
54 43 31
15 94 82
1 67 43
47 82 92
12 19 83
73 92 43
99 42 62
80 27 40
61 33 93
32 45 73
40 94 0
53 42 46
1 35 12
39 48 27
72 10 47
64 27 41
31 23 64
46 44 41
60 42 21
40 25 99
39 16 18
60 65 15
84 79 36
72 23 22
32 53 42
79 27 21
69 35 75
94 40 28
57 71 24
22 11 10
74 32 7
11 53 21
89 76 71
81 60 5
83 63 30
50 23 15
74 85 52
76 45 14
28 85 43
5 57 84
43 10 75
14 89 96
10 68 70
98 28 0
9 96 63
37 22 2
98 54 6
51 15 72
97 5 39
76 23 3
52 18 38
55 76 55
38 60 6
53 9 70
9 20 48
66 62 51
38 64 7
80 13 97
13 96 20
20 1 18
9 71 45
45 7 27
28 40 34
65 66 58
50 86 44
72 50 53
38 2 33
44 94 59
85 27 41
82 8 38
19 53 79
8 94 34
32 37 58
9 4 85
62 34 11
71 54 53
24 92 7
57 21 64
10 46 78
96 15 32
25 75 75
19 76 4
51 99 39
44 74 85
54 18 6
84 3 41
96 55 86
77 2 23
21 40 15
27 21 9
89 31 92
49 62 37
10 52 52
8 3 25
24 17 10
2 99 84
92 79 32
53 18 6
88 76 47
86 68 17
68 17 61
82 60 32
59 29 22
66 46 16
53 27 58
98 99 10
10 60 63
40 0 35
60 7 77
54 37 14
15 45 90
52 96 43
26 57 30
28 23 1
20 94 56
76 68 56
86 6 83
1 9 35
24 59 90
94 88 92
53 64 40
1 96 94
33 44 94
63 80 79
49 19 40
32 4 34
77 46 79
41 89 87
41 82 85
92 77 61
50 56 87
69 52 15
56 95 47
26 73 32
29 65 63
43 40 30
98 0 3
47 60 39
9 70 66
33 20 79
27 2 78
90 13 81
69 85 87
18 28 71
50 15 28
51 3 40
18 46 26
28 0 79
11 17 78
4 17 8
22 16 14
97 15 50
53 82 99
41 98 80
63 15 2
32 67 90
3 60 43
5 94 1
40 11 38
25 25 51
55 27 89
97 72 45
60 65 38
28 93 74
36 75 27
49 59 56
1 28 48
58 46 97
4 85 57
78 31 96
47 54 90
8 47 85
17 31 65
68 57 8
0 94 97
98 71 77
35 77 87
52 79 38
40 60 59
98 47 22
88 69 23
2 85 13
88 96 21
33 3 17
42 67 5
34 57 18
49 54 57
98 16 61
47 63 43
3 31 17
81 57 80
28 77 37
86 0 80
1 3 90
62 61 33
44 7 96
55 48 13
91 91 53
22 77 30
60 28 60
7 76 49
97 39 10
85 88 78
90 5 97
83 39 83
84 36 43
45 86 25
43 64 76
90 58 77
70 46 69
87 21 56
3 61 59
54 89 52
30 68 2
16 27 26
86 81 63
14 53 46
92 17 7
16 17 51
43 51 37
79 86 78
20 30 50
26 85 46
0 26 5
41 57 80
52 43 75
70 90 19
33 74 37
92 33 28
32 44 48
88 9 33
0 68 11
9 78 64
41 82 72
67 32 47
54 66 87
92 92 1
45 10 47
35 10 71
25 65 88
98 82 47
86 99 76
29 58 9
42 14 5
30 91 16
13 34 65
62 9 79
79 79 35
48 25 45
0 40 11
36 15 18
94 10 88
90 3 27
17 5 90
15 21 7
74 97 39
60 79 99
63 88 1
40 81 61
1 17 4
30 51 31
16 46 2
77 39 62
22 67 94
66 34 66
51 74 43
98 97 55
12 6 88
58 72 60
44 35 15
20 50 14
60 45 49
71 86 44
30 23 47
50 23 74
0 96 27
77 18 30
98 26 28
13 48 75
92 53 31
82 13 95
27 72 1
40 15 3
60 99 69
64 70 54
50 83 45
78 99 67
40 92 56
77 76 56
1 54 6
14 63 86
72 15 40
20 65 85
82 29 81
73 11 2
18 47 28
50 59 22
59 49 30
19 69 94
8 24 44
87 62 29
49 18 13
68 9 80
19 84 60
24 76 2
54 8 42
3 12 55
50 58 43
66 1 64
28 1 84
25 53 49
78 56 97
44 66 36
92 45 13
93 18 8
34 25 41
93 44 49
96 68 44
58 52 31
51 12 26
45 49 78
78 27 5
98 71 25
3 89 91
22 55 16
90 98 99
38 40 94
65 5 14
60 93 89
47 75 84
46 86 3
8 24 2
62 4 50
3 31 3
76 31 33
87 82 3
29 45 45
89 37 37
90 10 37
45 98 45
93 45 86
10 53 25
58 1 6
46 59 89
0 49 90
99 30 46
13 43 52
39 79 5
75 34 69
65 44 78
39 94 97
52 48 60
16 56 70
33 73 85
3 38 85
81 35 77
52 56 27
15 18 55
33 42 26
30 6 32
0 26 91
99 43 49
8 38 16
52 71 57
49 24 28
64 5 4
28 15 54
73 80 64
18 36 8
54 22 87
43 32 78
9 5 11
76 84 96
29 41 90
22 47 9
2 10 28
51 87 79
34 98 34
7 81 22
32 7 21
89 97 42
29 27 9
38 1 65
53 26 47
81 19 89
53 91 73
88 40 77
79 51 0
10 25 2
43 89 81
6 99 55
58 65 89
17 71 34
79 62 4
29 23 20
30 51 15
29 21 43
71 15 46
11 20 15
74 72 49
50 37 6
97 29 28
5 76 74
4 55 85
12 27 42
28 40 93
31 46 22
14 26 78
52 15 74
81 60 39
26 35 72
50 91 69
49 76 24
24 68 52
64 29 98
69 95 36
36 92 9
49 99 14
60 41 3
91 77 62
48 75 10
26 56 62
90 58 41
96 10 73
47 39 22
74 85 6
30 49 31
68 7 51
37 62 70
9 65 8
71 32 27
27 58 78
89 95 63
51 58 20
66 26 77
59 32 24
70 80 97
38 17 69
3 8 89
30 85 19
17 26 45
37 18 69
29 0 24
87 85 87
56 28 2
99 48 7
86 42 8
60 63 42
56 94 3
40 68 2
29 79 40
9 80 56
70 35 10
18 60 20
11 7 30
92 76 75
49 76 80
80 85 22
14 52 15
56 6 0
94 69 86
99 65 14
98 15 23
61 51 56
43 35 59
17 45 34
51 79 41
12 9 62
55 25 81
56 7 63
83 69 96
79 87 38
98 1 53
58 19 43
59 51 91
72 29 88
74 49 76
95 20 96
40 58 53
92 15 20
0 57 77
12 41 48
37 24 81
56 21 1
59 40 65
32 88 57
0 65 70
88 88 21
54 89 32
43 0 91
8 29 36
47 90 52
65 46 79
66 27 32
91 44 26
17 26 89
1 8 65
85 41 85
81 18 17
68 31 76
51 27 13
90 93 69
17 5 20
30 82 11
46 17 56
88 50 12
22 3 68
74 29 64
67 56 46
85 5 33
4 91 1
82 26 49
44 16 79
12 69 56
2 79 25
71 82 81
93 65 49
3 89 90
82 12 71
68 58 40
64 50 69
83 95 39
50 31 13
12 23 48
75 19 59
40 48 13
39 97 60
41 81 34
94 73 92
15 47 89
35 9 21
63 47 71
47 46 85
34 95 5
23 85 44
59 50 23
16 3 20
87 99 33
42 10 35
27 39 7
15 57 13
80 42 40
33 68 35
17 46 62
39 45 62
17 84 37
40 68 6
38 50 43
8 45 73
79 66 89
75 8 89
74 51 5
55 32 7
95 94 66
85 91 35
28 40 82
26 67 99
41 22 60
79 2 29
25 60 35
51 64 45
88 22 24
66 5 12
41 75 33
0 25 68
65 63 97
8 15 27
44 63 90
29 52 3
71 99 39
93 13 47
18 23 69
80 35 30
17 73 24
21 9 36
13 87 10
42 43 7
27 55 23
33 69 65
71 42 57
89 59 35
64 60 41
97 0 76
33 39 64
48 0 9
49 3 72
15 40 69
16 84 63
17 10 75
30 13 90
52 4 42
22 54 73
95 7 38
17 1 11
19 59 11
78 86 89
86 50 73
29 41 98
94 39 61
84 30 20
0 2 90
80 41 73
85 23 74
53 21 64
80 92 27
81 40 49
82 23 37
14 46 70
76 81 17
21 51 94
11 39 46
1 21 95
33 39 59
18 33 4
31 35 94
89 23 26
73 25 43
71 63 83
39 18 40
51 8 19
73 20 22
18 72 37
22 2 53
23 71 67
12 51 47
2 58 77
30 78 72
35 86 23
0 40 65
41 16 37
18 12 46
19 98 5
35 73 14
79 27 68
7 64 27
84 23 19
23 52 62
40 45 91
14 83 83
21 34 53
38 61 33
8 11 7
98 98 2
87 51 68
52 69 57
12 71 82
78 27 18
97 44 8
28 43 45
23 8 79
85 72 5
58 17 47
90 38 64
75 7 37
96 11 52
14 4 78
78 48 9
99 65 5
16 79 37
57 82 72
77 86 40
58 85 7
41 87 68
40 76 8
83 21 77
18 28 71
83 85 52
5 29 43
76 80 19
45 87 24
52 14 84
39 21 96
10 87 76
35 58 56
57 42 23
19 12 33
93 98 58
97 3 22
19 78 56
70 49 89
16 84 59
86 22 16
73 77 40
85 90 25
23 11 21
41 20 53
93 62 99
61 38 82
95 99 56
74 86 47
93 67 32
39 79 96
80 81 2
29 49 13
24 84 36
37 79 19
94 76 83
83 55 54
38 73 35
11 21 81
91 15 67
91 21 10
19 3 51
71 16 56
8 78 94
47 42 60
95 42 54
32 4 8
83 51 92
54 73 73
69 0 69
53 92 87
80 58 36
52 30 14
14 15 24
65 10 2
63 14 75
89 75 48
51 83 84
2 77 31
20 39 53
39 21 73
43 54 13
18 21 19
10 7 78
88 50 36
88 4 97
82 22 50
82 98 2
57 10 12
28 51 80
44 28 27
59 2 49
34 46 73
87 66 12
81 11 67
75 49 18
5 11 88
20 58 31
70 35 69
36 16 48
71 83 26
78 46 25
4 30 19
68 19 80
26 38 75
66 74 19
70 45 82
23 73 94
43 44 90
78 37 67
9 55 76
87 53 27
78 92 12
30 12 58
88 15 73
51 57 50
91 32 68
20 8 88
11 44 73
12 62 63
0 40 63
80 4 88
20 76 3
32 5 5
21 85 22
8 80 37
62 60 78
38 91 97
94 14 69
70 79 17
91 7 49
82 26 98
94 27 57
88 5 44
31 6 55
46 98 22
2 61 12
15 74 64
0 15 73
18 24 51
76 45 27
53 41 14
40 86 54
73 92 74
68 32 71
90 4 24
83 59 99
33 12 4
43 15 59
69 92 58
0 25 11
54 43 82
78 95 9
19 48 85
46 46 64
50 65 26
14 91 71
87 40 11
49 19 13
33 31 98
85 93 10
18 77 15
8 66 49
90 79 29
11 91 63
11 48 61
9 19 21
39 38 29
64 41 66
14 70 83
18 25 76
68 13 28
58 75 3
38 78 13
89 4 90
53 29 91
17 21 43
15 86 38
5 15 28
62 94 59
70 60 25
4 73 83
7 30 94
72 59 72
5 23 19
81 78 58
83 91 19
69 14 98
48 70 79
96 6 98
92 78 30
53 5 30
95 32 8
42 38 65
58 29 68
49 68 48
9 84 78
45 30 26
91 60 51
13 14 94
87 39 68
23 72 62
51 36 14
16 1 50
47 36 53
25 98 39
11 38 28
82 16 69
50 88 9
35 94 30
55 59 22
32 59 84
2 4 89
74 52 46
12 85 57
49 37 42
88 94 70
23 34 74
94 83 76
96 11 33
38 55 17
27 93 59
97 65 8
30 61 37
77 80 14
10 77 43
11 89 79
7 95 99
62 51 92
54 33 18
13 73 83
70 69 17
15 29 56
63 99 44
94 69 80
86 93 91
24 30 32
84 69 69
99 52 72
63 8 28
17 34 47
20 38 60
75 8 40
78 87 5
92 63 2
40 58 83
6 63 98
38 25 26
15 44 81
86 15 85
76 56 82
0 96 16
4 68 62
85 4 61
85 95 45
24 80 61
10 40 38
61 31 68
4 20 35
36 30 17
32 79 63
34 86 52
4 64 10
82 4 31
0 68 34
66 92 50
59 12 38
60 6 77
45 72 22
40 25 22
76 9 73
64 6 60
79 81 53
43 4 98
58 51 34
1 10 9
22 57 47
72 28 66
87 19 5
87 55 91
31 33 32
21 93 75
34 5 58
80 37 83
77 41 8
25 10 92
60 50 97
37 52 17
21 29 8
15 33 19
23 75 48
76 56 90
14 89 36
75 83 30
60 58 6
88 64 31
17 21 6
77 79 85
98 89 51
0 73 1
35 10 8
8 82 73
43 58 20
88 14 12
65 6 27
50 18 32
59 91 15
32 32 56
70 52 15
70 26 8
35 55 76
65 86 72
95 48 74
7 48 43
26 58 86
78 43 42
46 21 71
59 20 13
64 12 24
85 87 1
8 21 61
0 56 19
18 10 72
0 56 62
68 4 81
35 11 92
46 33 84
86 10 29
0 41 71
86 29 40
86 32 56
65 9 87
76 9 99
50 75 66
63 19 23
6 45 63
64 99 78
57 57 51
45 80 79
92 1 76
75 51 37
99 41 45
37 97 1
51 41 86
41 21 9
3 96 15
74 60 53
30 64 70
85 97 37
0 17 31
4 5 10
3 34 56
92 17 40
70 40 84
34 37 8
20 14 11
0 98 6
25 54 62
55 49 77
58 87 41
39 97 59
36 1 19
18 12 61
7 54 28
3 21 63
99 71 97
34 64 38
82 7 89
40 89 96
8 51 9
6 95 74
91 27 2
79 92 83
44 31 4
76 89 19
75 40 22
78 74 18
33 5 20
18 6 56
68 79 61
78 10 20
93 8 39
15 9 48
11 81 31
81 59 11
57 77 72
71 92 47
91 85 93
72 68 99
29 80 98
34 59 7
10 86 22
68 43 62
99 52 28
89 53 44
99 76 22
68 74 47
96 5 47
86 19 84
2 50 70
46 81 80
12 56 56
40 84 77
2 59 28
87 61 47
89 77 54
79 2 72
62 40 50
43 49 77
94 71 33
65 19 94
88 40 61
60 75 47
99 85 43
50 83 28
33 18 67
72 46 38
78 84 85
69 33 30
99 31 19
52 81 36
61 50 10
56 5 24
52 44 61
56 39 75
20 69 38
56 5 94
40 90 42
27 37 24
72 37 77
0 14 38
14 27 27
95 66 14
55 51 17
30 40 35
23 21 69
0 53 43
78 35 94
86 78 91
23 39 64
62 34 71
85 32 62
31 75 32
90 32 91
40 27 65
81 71 11
56 90 97
33 4 21
49 37 16
35 50 1
20 70 27
50 27 92
98 21 34
91 0 9
75 53 85
7 64 5
90 61 90
98 4 21
36 77 45
81 17 50
28 26 48
91 87 82
95 4 55
28 1 13
3 37 29
24 26 1
58 75 66
68 94 75
83 79 39
16 2 16
85 28 46
40 61 48
19 90 63
86 15 58
0 32 63
92 19 71
56 55 19
85 59 26
51 71 94
21 41 73
13 19 51
65 81 28
60 52 92
70 59 23
12 96 88
44 97 63
42 27 38
81 9 78
88 64 58
15 86 67
30 23 4
0 31 82
90 42 8
74 15 18
71 46 43
95 98 2
25 20 51
56 27 8
13 32 69
40 22 65
17 62 68
30 44 84
93 23 99
70 17 97
43 27 87
15 12 50
32 57 73
20 60 19
37 88 12
43 57 18
28 37 11
42 19 60
3 37 69
90 80 79
27 73 9
11 44 27
83 9 10
43 94 85
10 7 75
60 90 76
31 62 93
67 25 87
60 56 41
42 68 56
44 11 15
9 46 50
39 52 70
74 82 36
27 33 58
11 39 80
57 16 95
81 38 85
29 89 92
62 74 3
50 60 73
36 17 89
88 23 29
72 19 45
91 97 6
3 14 39
7 61 70
55 4 55
18 65 94
23 57 13
66 69 66
13 2 98
35 0 39
28 57 77
17 15 29
43 24 13
14 9 45
70 68 3
81 68 56
93 77 99
33 8 60
84 38 62
4 66 49
75 30 43
99 99 9
51 57 96
9 51 18
7 87 66
50 87 39
14 80 42
72 71 35
76 41 63
21 14 33
81 76 61
10 58 37
59 27 68
61 81 80
4 54 44
37 5 26
31 65 11
55 96 67
88 80 68
7 66 74
59 45 76
77 53 51
92 38 0
36 7 94
8 57 50
35 6 63
27 56 12
0 75 38
38 64 74
28 29 11
4 27 29
73 92 68
32 31 36
72 15 49
46 22 34
61 29 96
66 9 70
84 91 83
73 92 49
47 5 58
59 80 44
92 16 43
45 85 25
64 4 22
23 51 14
68 5 61
80 59 39
86 6 2
46 99 8
54 83 18
67 85 40
35 46 52
41 18 79
60 89 61
84 7 38
88 73 14
67 52 46
72 93 92
62 26 39
38 34 19
18 10 50
26 9 72
12 98 28
86 91 18
34 6 37
19 37 49
2 3 65
62 49 44
99 12 41
93 15 46
2 98 74
17 47 19
60 74 91
70 53 14
74 42 81
71 93 94
75 50 69
19 11 36
22 18 76
6 47 56
35 55 62
4 16 54
61 77 50
90 58 40
82 44 98
75 76 87
23 69 18
61 22 86
94 96 36
9 97 33
88 5 22
37 96 64
28 53 76
90 45 3
97 12 10
15 60 7
81 35 9
78 96 58
66 22 67
71 52 84
88 51 69
43 31 29
80 77 23
78 34 82
95 30 59
88 8 49
87 61 8
30 10 85
89 99 62
17 40 65
97 60 93
45 81 12
36 16 45
49 72 2
1 22 36
10 41 39
65 69 60
68 24 41
82 41 1
75 43 35
71 81 20
54 51 42
70 11 52
38 16 91
6 89 66
79 91 89
45 18 7
26 43 83
0 58 22
24 40 63
82 86 86
78 76 25
58 62 39
10 63 6
33 77 89
52 31 77
98 69 39
44 68 71
31 16 14
1 98 82
40 15 33
79 42 41
79 58 57
81 6 73
72 14 31
69 49 83
86 59 62
76 82 62
6 80 18
59 36 80
39 28 8
57 73 84
30 0 47
25 89 54
89 6 93
58 14 52
31 4 90
99 33 12
44 81 74
8 87 24
34 68 22
47 28 41
76 95 7
73 75 66
36 92 12
13 18 95
94 76 61
9 65 55
14 51 55
57 67 90
11 7 65
80 71 92
41 80 4
40 58 96
38 64 80
92 44 54
96 93 73
15 3 99
2 98 2
6 9 51
62 90 79
61 58 4
59 12 53
82 72 83
45 85 88
74 45 68
79 50 40
56 32 28
51 35 91
81 27 90
45 66 17
11 64 58
48 3 13
44 58 30
65 24 18
24 85 36
55 60 64
7 82 69
46 99 89
72 99 40
61 49 92
78 74 91
46 18 20
33 32 75
6 2 90
73 41 79
37 10 94
80 87 46
68 95 35
53 94 75
89 6 86
40 64 54
52 29 42
7 18 4
8 32 74
95 51 45
28 49 47
69 53 70
17 56 81
54 11 77
68 38 22
85 51 41
99 40 80
56 97 74
69 89 22
95 60 88
47 63 94
15 54 59
48 64 91
48 96 82
37 95 7
5 1 34
10 4 7
9 44 10
50 53 42
93 32 45
67 46 83
17 94 5
96 25 38
12 74 44
83 41 82
95 58 35
58 0 83
73 88 39
44 5 74
21 3 45
42 93 51
46 4 89
65 91 35
44 84 34
68 45 47
32 58 59
13 53 61
5 57 75
25 57 94
58 88 88
19 67 84
76 6 24
18 67 57
82 3 92
22 33 53
52 71 8
90 73 33
43 28 52
7 29 50
66 15 23
70 97 59
15 62 57
61 23 95
84 66 30
8 29 45
1 27 17
57 1 6
16 71 2
76 23 86
20 30 11
2 99 48
93 66 12
45 46 72
90 18 57
90 80 91
81 22 78
73 91 37
7 21 31
21 58 19
24 13 28
7 27 25
56 35 44
43 13 33
22 33 73
52 28 56
70 6 18
43 74 8
93 9 83
80 8 97
59 61 76
78 27 31
94 22 82
15 44 90
65 13 74
29 95 98
74 4 48
18 51 6
78 38 83
74 57 94
39 80 23
0 69 58
19 5 45
30 76 91
66 16 43
90 91 57
34 22 80
22 77 83
99 81 7
54 30 41
87 17 67
70 85 19
98 6 37
79 63 75
71 86 11
63 67 50
2 53 75
73 61 90
27 28 91
93 9 14
68 73 50
27 75 58
58 4 30
54 49 89
9 4 49
69 58 93
49 31 97
12 74 32
21 63 72
94 37 19
64 19 72
14 50 6
95 51 70
83 40 63
82 1 58
41 21 44
18 92 10
56 87 93
21 57 35
79 52 57
80 29 20
0 60 71
30 19 52
56 6 80
10 92 74
74 22 80
50 93 47
91 67 8
74 30 10
66 15 40
53 7 66
39 87 23
33 48 73
26 19 68
25 5 88
17 39 19
67 77 25
19 27 47
88 10 52
11 34 90
43 1 49
5 9 66
75 28 8
97 26 71
81 90 63
83 32 44
96 84 61
25 18 13
94 43 80
33 33 40
40 7 42
67 51 54
49 87 0
65 41 55
31 40 50
88 33 85
51 10 43
87 87 29
85 96 34
84 67 82
29 6 99
61 56 99
85 50 75
84 58 3
85 67 40
40 24 29
13 14 59
32 47 72
71 67 2
40 17 77
45 26 43
26 51 44
83 1 76
17 53 78
26 18 85
77 75 25
64 33 6
28 4 62
32 33 87
73 29 49
26 0 50
80 75 30
69 97 89
85 70 80
32 17 91
60 65 17
31 33 18
83 44 31
84 7 77
95 56 8
97 39 53
48 45 63
31 66 54
11 62 30
95 34 55
29 2 15
10 1 55
75 87 80
46 53 96
1 78 22
9 56 2
89 86 30
27 56 27
13 74 85
92 34 95
29 98 82
7 61 29
83 1 94
35 55 91
56 57 33
51 59 93
61 16 57
41 76 81
35 33 57
58 62 80
22 80 36
89 84 21
56 22 98
99 10 9
97 69 92
58 70 14
34 55 96
76 60 18
19 58 60
80 8 31
39 89 51
54 29 53
77 66 50
11 27 3
3 30 13
0 99 77
93 93 18
66 51 29
89 24 27
9 3 1
99 95 64
80 70 79
29 70 38
32 20 3
77 78 23
4 30 14
35 10 7
66 33 64
79 33 44
56 77 88
96 76 87
3 31 87
94 46 67
26 53 55
46 89 15
7 55 44
57 67 72
24 85 45
17 15 91
5 9 88
45 6 59
34 43 69
96 57 5
73 95 70
62 24 22
39 81 19
50 21 40
29 89 46
42 60 44
24 27 86
38 25 56
34 54 38
98 98 20
97 41 23
91 94 6
87 99 89
24 88 11
20 13 6
8 15 96
2 56 39
99 94 73
96 14 25
10 65 69
40 3 43
38 24 23
76 55 45
67 27 19
48 98 17
5 80 74
13 87 2
30 8 24
53 3 16
86 54 68
6 43 92
95 60 86
23 85 8
72 70 49
1 88 28
6 79 49
8 28 67
29 70 81
41 22 74
27 53 80
72 46 78
74 42 65
98 69 30
40 88 22
69 54 83
62 64 81
65 98 71
52 46 11
80 30 17
26 81 56
18 37 10
29 16 47
44 7 56
33 5 19
26 49 61
15 79 11
65 7 29
22 30 46
69 49 22
68 98 19
67 37 96
92 51 40
74 49 84
56 38 40
80 90 84
4 80 17
79 15 16
56 47 59
39 26 6
17 24 53
36 40 60
54 77 0
61 58 41
30 6 13
27 56 34
7 45 91
56 99 26
29 35 15
47 44 0
87 15 93
76 58 39
99 24 89
54 64 96
53 64 30
62 36 99
77 97 58
41 79 56
8 55 71
88 51 13
37 26 44
38 92 7
24 58 72
5 80 41
38 65 64
78 32 45
47 1 13
16 62 95
43 67 43
84 61 35
84 2 55
7 38 73
13 73 64
50 11 70
83 21 13
59 13 80
19 80 10
14 32 13
16 62 30
9 82 77
18 71 79
63 16 9
54 13 25
44 29 24
35 45 31
53 56 94
61 12 10
63 7 71
24 61 12
94 35 6
34 87 54
85 78 4
13 1 58
44 94 44
10 26 3
99 44 4
2 95 71
78 41 83
50 16 69
77 35 93
93 71 98
34 8 93
47 39 84
40 71 36
84 40 68
77 73 36
76 31 14
36 42 99
54 23 46
89 12 65
34 96 60
71 64 2
8 20 23
59 42 16
15 40 76
34 35 66
67 75 30
87 99 82
33 78 73
25 54 44
66 90 60
43 2 72
12 85 55
96 71 98
98 33 99
28 95 75
24 18 19
99 41 49
29 37 89
78 16 38
17 53 56
34 34 25
64 10 27
33 86 56
21 75 10
61 83 23
32 89 89
47 73 94
46 78 58
96 19 67
6 67 8
67 16 64
27 55 54
95 59 78
2 36 18
30 22 49
3 88 19
90 57 99
72 57 29
68 90 86
11 17 59
2 71 58
31 90 16
8 84 53
36 43 14
73 69 56
40 61 40
39 98 14
24 11 43
70 54 60
85 36 80
68 50 31
88 13 36
80 77 88
16 48 64
49 43 7
64 46 15
40 41 42
4 6 42
55 12 83
93 19 23
53 1 62
40 9 3
14 8 94
44 25 27
80 57 47
56 50 32
24 28 26
68 68 26
24 40 84
13 18 35
80 46 23
54 96 5
98 88 79
60 20 67
89 27 22
37 21 81
27 17 15
4 32 10
36 43 64
54 41 6
79 84 48
24 23 48
89 72 92
28 73 93
63 48 22
74 39 73
5 85 11
18 89 25
54 27 5
77 90 85
54 16 32
86 52 79
74 87 20
26 61 25
7 87 31
79 53 64
49 19 83
12 46 89
39 35 60
49 47 13
72 0 67
79 96 97
90 18 77
59 54 42
99 76 50
36 88 90
31 6 50
87 48 47
86 69 41
85 83 77
69 30 1
61 22 82
89 47 11
37 24 68
7 79 12
17 14 95
72 95 59
22 49 80
34 54 43
85 96 44
53 69 51
69 72 3
92 54 56
24 52 61
39 81 87
9 24 82
64 41 76
62 71 60
7 45 89
58 56 67
3 29 16
22 49 9
19 70 9
14 3 39
94 76 94
10 44 40
12 7 31
2 29 81
81 96 62
20 73 64
19 79 1
54 99 18
62 40 37
85 88 77
52 58 25
24 76 24
76 72 96
35 68 19
70 67 90
33 12 66
67 51 77
64 64 53
77 17 21
64 17 84
20 32 17
16 99 74
80 47 54
92 1 0
5 51 85
91 14 60
47 94 5
68 82 89
14 53 65
38 38 58
90 77 76
53 82 20
17 13 69
9 52 67
75 47 91
77 60 10
50 97 30
59 2 39
10 96 43
52 66 31
95 41 6
7 25 88
5 76 58
41 14 54
88 49 17
37 81 90
38 74 20
79 25 43
52 54 62
50 18 64
32 49 48
32 57 54
71 11 85
22 78 44
55 13 27
27 1 10
5 9 15
87 12 38
30 90 51
83 28 37
68 44 0
31 71 56
85 40 11
8 44 11
49 97 37
66 12 93
68 81 85
22 85 67
15 46 27
2 7 34
89 19 55
60 51 11
20 23 90
46 78 53
0 74 87
14 64 16
53 49 64
83 52 35
50 22 8
64 79 22
21 0 26
80 94 0
77 22 85
78 37 26
35 33 51
31 62 74
94 43 69
57 28 6
73 37 98
31 93 67
26 27 36
17 66 87
95 40 73
24 0 36
95 7 28
28 74 25
75 48 4
72 34 70
25 99 69
45 38 31
24 50 36
43 46 50
80 96 4
31 33 34
83 59 26
62 67 87
67 59 30
25 75 36
37 85 99
95 25 73
55 33 70
7 72 4
57 0 84
14 28 76
98 59 59
31 86 36
19 15 93
27 49 36
14 82 41
45 50 91
24 32 98
89 66 26
71 41 2
55 94 23
28 73 26
23 61 77
99 32 13
52 99 50
59 1 14
40 78 81
45 34 39
90 4 68
49 15 36
1 74 18
17 93 75
45 6 63
92 48 83
56 58 35
48 61 47
16 1 95
60 74 5
95 61 88
16 93 79
67 38 72
49 99 10
92 87 19
42 91 66
27 65 24
55 37 16
79 0 13
63 60 27
39 44 46
58 44 98
62 56 95
34 55 5
62 60 72
99 1 17
59 77 94
38 30 72
41 14 59
79 69 33
66 43 68
99 4 47
41 88 42
43 9 40
46 57 29
73 20 85
31 39 32
48 7 13
60 36 92
2 77 26
28 4 8
80 11 62
59 18 57
86 69 55
65 87 42
46 33 98
41 84 67
2 32 41
30 46 8
7 63 16
42 58 65
12 45 73
3 26 74
88 11 61
20 20 47
1 33 61
38 99 89
34 88 94
63 2 24
52 64 87
67 31 5
37 85 78
26 98 20
53 46 94
93 97 59
41 18 93
49 62 53
55 73 96
24 82 12
3 62 66
30 20 22
65 50 12
77 74 77
94 5 33
81 14 68
99 78 76
68 73 62
4 96 34
39 35 70
39 51 90
22 58 64
25 52 18
36 58 18
77 87 16
90 64 78
60 31 65
80 95 33
58 45 5
16 63 48
18 99 31
0 3 4
41 27 5
55 6 52
89 18 82
32 3 87
13 16 13
60 1 12
17 92 99
9 3 11
51 17 69
89 98 90
77 6 17
71 28 23
9 3 34
95 52 12
99 2 21
4 20 33
91 25 74
66 85 93
72 46 31
57 28 51
77 27 27
29 55 56
70 59 88
48 48 30
5 53 84
91 89 6
37 56 88
23 66 82
35 41 90
70 0 11
15 68 99
61 36 65
56 47 69
82 62 16
31 69 94
13 63 56
61 50 19
68 37 4
30 2 2
4 18 22
25 4 0
10 51 6
60 70 91
29 94 56
27 86 91
76 59 95
95 69 40
19 1 30
97 37 0
54 77 43
17 34 11
47 13 57
99 36 65
45 6 82
34 87 62
75 47 69
36 85 28
26 78 40
46 34 64
9 53 82
93 73 32
6 27 50
87 63 27
36 60 62
11 36 87
40 66 63
97 96 12
94 60 16
50 23 15
34 51 45
53 10 59
53 32 93
87 98 51
99 64 87
58 63 28
37 85 57
83 87 28
43 51 59
32 4 79
82 83 35
31 68 13
65 73 44
14 59 12
39 3 52
49 13 57
63 27 69
69 99 3
63 44 18
8 73 6
25 27 50
40 75 82
44 37 58
43 35 56
1 63 88
90 7 68
80 12 61
11 9 3
96 68 44
10 75 92
64 15 83
0 76 16
97 26 66
5 88 74
68 82 72
36 6 77
59 0 53
28 94 46
93 59 12
68 11 73
33 76 28
93 95 75
76 74 69
44 73 22
71 29 86
0 81 17
23 77 23
66 89 6
71 87 77
50 14 10
69 29 88
40 95 42
41 90 51
68 90 93
30 85 91
82 84 47
11 81 37
58 47 50
94 8 44
89 31 51
72 11 95
13 31 88
17 53 18
93 27 34
24 19 72
30 8 45
85 99 94
83 41 79
24 90 91
79 92 90
3 18 7
85 68 24
96 15 27
90 33 42
50 75 41
67 61 9
73 15 21
19 90 24
41 80 85
20 92 64
10 30 52
57 70 94
59 29 55
76 9 12
69 4 46
36 54 78
18 88 22
38 66 81
55 13 21
37 61 89
79 87 94
65 23 64
12 80 93
67 56 3
14 98 21
96 34 19
94 43 52
19 15 5
99 2 41
23 44 44
18 95 99
39 41 18
28 15 81
9 2 10
12 21 50
60 75 68
83 75 99
80 18 55
77 76 10
74 72 48
93 19 38
83 79 58
42 5 54
70 1 59
26 46 7
61 10 47
87 60 61
75 65 1
52 83 57
55 8 57
68 28 23
26 97 20
78 67 45
45 35 92
35 52 90
55 58 75
98 54 27
80 48 14
89 61 87
11 23 8
40 29 31
76 79 5
37 84 58
82 30 37
62 73 5
88 87 41
8 16 27
33 92 71
36 16 9
77 37 16
66 49 19
41 35 96
1 7 21
51 55 55
61 44 23
30 32 50
35 59 9
6 59 21
68 14 18
66 4 45
4 28 88
71 42 42
3 55 74
54 67 2
85 25 54
1 63 46
86 66 12
81 29 99
53 97 36
78 2 13
7 62 36
22 0 85
93 47 28
57 6 55
81 8 45
53 81 62
52 83 17
27 85 52
52 22 27
28 26 69
53 35 24
45 26 27
50 3 25
90 7 31
73 29 63
45 2 51
27 37 13
97 74 2
69 71 10
81 24 61
83 36 42
42 35 99
84 91 33
9 78 26
70 19 91
66 85 92
28 42 17
67 83 23
45 25 5
66 15 77
43 93 32
73 36 74
4 52 56
31 17 81
36 8 30
17 68 91
50 9 76
86 29 99
24 85 58
16 32 83
98 78 69
51 92 38
97 98 29
60 11 96
78 13 61
83 16 34
70 11 86
1 42 80
23 51 9
62 94 63
14 83 78
31 48 67
42 11 67
33 8 8
1 6 28
38 28 68
39 19 97
47 42 41
74 66 29
40 61 21
53 81 2
52 45 74
32 55 45
9 12 46
44 34 94
33 16 54
3 27 76
18 73 32
19 79 30
27 23 88
29 8 54
53 62 93
52 67 89
76 80 38
4 73 37
69 30 99
24 79 28
55 85 63
3 85 10
20 80 57
78 75 23
49 35 79
78 59 85
76 37 54
51 36 11
5 26 61
11 21 73
91 35 56
9 17 37
71 76 60
40 75 56
4 85 77
2 82 19
68 54 41
37 18 79
13 90 99
85 32 47
66 40 18
52 31 33
28 31 75
56 29 12
40 72 41
95 21 92
15 96 54
11 94 21
42 51 30
93 26 6
58 56 4
41 15 48
1 74 1
63 11 50
22 28 79
81 54 21
79 0 25
45 56 97
23 34 23
26 28 75
66 65 78
22 67 32
16 30 3
76 23 83
22 79 43
90 45 49
53 94 99
5 33 47
97 94 95
49 66 73
88 79 26
37 84 49
97 72 38
31 32 2
67 44 97
18 91 86
1 2 31
93 79 27
4 15 37
86 40 32
44 95 83
76 81 67
22 1 48
90 97 64
57 30 23
93 3 68
20 3 47
55 98 95
84 25 32
99 50 81
34 6 75
8 2 15
61 90 99
88 15 7
51 40 62
26 12 44
0 44 2
9 40 2
14 99 46
1 34 35
26 73 59
0 35 74
27 85 76
5 71 74
46 30 6
64 27 10
80 47 50
99 53 60
87 36 49
13 46 24
90 14 58
85 60 78
42 54 59
2 75 64
58 74 43
47 57 97
63 93 42
62 1 29
14 33 66
42 10 21
59 63 57
83 58 73
2 29 1
65 39 73
88 52 29
12 10 50
42 7 22
68 24 55
48 29 89
68 21 37
52 68 58
30 42 97
50 47 35
71 69 23
17 47 26
10 61 88
41 32 61
3 35 39
3 83 46
78 15 68
42 9 41
58 50 2
41 95 16
37 87 54
30 17 29
15 13 88
37 87 92
86 77 95
44 65 25
82 29 83
63 75 5
10 2 97
31 89 80
59 46 0
54 45 2
79 32 2
7 6 79
54 46 1
23 11 92
62 97 30
52 1 44
99 59 41
89 25 36
72 24 72
21 45 40
77 80 21
49 75 48
15 23 15
62 91 79
13 42 74
30 1 92
6 91 93
20 22 44
71 44 95
98 43 10
24 9 23
2 84 59
79 61 81
89 11 37
88 94 33
56 6 50
72 94 14
69 68 12
19 1 77
37 88 66
71 33 53
38 9 75
96 11 52
61 85 7
26 92 42
85 90 0
45 29 66
48 75 69
14 74 51
33 51 43
2 94 89
9 80 27
8 63 22
94 89 71
98 33 28
86 2 4
31 31 32
10 14 63
13 58 85
24 10 39
7 79 86
41 20 7
90 62 22
5 57 17
42 30 42
31 15 18
46 9 57
96 14 38
23 25 0
36 33 6
5 95 94
10 30 7
61 10 83
7 78 26
35 61 45
59 44 45
47 19 51
27 59 73
83 58 53
96 34 83
52 37 94
79 70 19
42 82 56
73 41 76
67 76 15
82 66 13
60 92 41
96 74 27
62 15 35
56 79 45
95 99 7
28 45 44
60 91 90
86 79 43
49 35 88
28 64 12
26 29 21
73 88 64
17 95 52
79 63 39
47 46 14
11 72 1
71 30 62
42 70 57
31 77 33
10 26 56
99 61 55
23 54 21
98 28 54
19 81 69
28 94 56
4 26 90
27 2 44
90 79 40
87 19 86
54 40 9
84 53 63
12 42 94
4 17 66
82 96 36
93 70 98
96 92 38
67 77 36
8 79 9
61 1 65
1 14 4
34 54 23
98 10 96
95 33 35
92 20 83
10 19 53
54 30 78
92 11 35
49 51 15
48 15 27
78 9 33
33 84 87
53 27 38
92 8 64
40 73 68
52 51 15
74 61 10
8 10 53
70 2 21
70 24 42
50 97 1
3 65 89
95 44 62
68 5 90
72 5 76
67 43 8
40 34 94
68 13 55
56 36 92
47 7 49
69 13 32
59 17 70
32 87 67
21 45 38
73 64 36
67 30 30
30 44 87
26 10 53
3 57 21
93 21 75
10 78 34
38 31 47
89 76 59
90 82 11
46 5 66
33 60 44
20 23 95
87 27 23
39 94 74
24 95 66
91 49 33
33 72 87
61 93 69
64 47 21
26 87 78
59 16 26
9 51 73
26 83 4
6 43 16
82 96 6
79 1 51
37 43 54
96 40 44
82 99 87
80 72 91
23 64 21
11 19 70
47 27 64
30 71 11
85 17 63
92 74 14
78 89 78
10 55 0
37 2 50
45 44 34
26 87 74
42 16 83
70 11 49
48 84 35
69 20 47
85 3 80
24 19 86
55 6 26
63 40 33
84 90 28
32 75 51
54 18 37
13 4 12
40 16 24
42 87 79
77 20 75
9 20 80
17 23 64
54 60 55
94 16 5
70 22 81
42 35 12
89 30 67
52 62 50
11 87 50
86 49 10
34 56 2
47 48 41
6 66 85
46 15 55
35 57 2
53 11 25
51 73 78
28 68 47
22 90 19
6 72 62
15 65 23
38 33 93
56 72 79
0 2 58
28 66 35
34 74 58
14 49 77
14 41 3
44 94 33
76 81 25
24 16 50
91 28 92
93 89 79
75 12 33
48 28 64
68 71 57
0 57 66
70 30 10
39 56 41
46 70 15
89 19 66
26 56 25
57 58 96
85 55 78
80 74 86
23 78 13
73 39 43
77 80 60
82 92 55
57 72 13
99 18 72
20 9 80
69 0 99
94 20 50
79 0 16
33 75 88
5 59 59
48 4 26
52 15 70
91 85 9
70 25 75
28 9 55
97 42 25
65 19 46
32 11 63
84 23 53
26 23 51
44 53 49
66 33 37
74 22 38
84 62 43
16 76 6
45 18 28
96 23 83
67 63 30
42 86 0
31 1 76
54 35 73
61 59 12
22 29 24
85 59 32
90 24 41
28 72 70
61 3 19
90 39 92
82 25 42
94 57 25
0 81 94
61 91 65
58 27 75
14 86 64
93 84 71
3 0 64
9 24 11
27 86 98
95 15 14
94 39 63
85 79 78
16 68 54
41 23 74
77 34 0
7 67 21
0 18 28
21 30 79
3 3 23
17 33 51
64 7 66
36 64 93
10 97 87
20 79 40
25 48 68
4 2 99
89 91 9
57 43 7
72 46 84
39 41 3
10 40 55
74 11 93
50 52 96
71 90 60
75 66 95
36 31 28
62 78 70
95 72 31
69 55 94
64 94 51
47 33 52
80 97 84
46 95 62
95 20 39
16 2 25
76 24 61
86 58 72
2 62 62
0 24 83
98 14 5
25 21 36
8 91 21
74 70 68
34 73 64
56 62 71
76 51 97
31 36 4
57 38 28
49 72 81
89 16 10
83 6 52
8 60 40
47 73 16
74 43 99
50 44 18
97 22 91
76 38 99
71 27 98
62 76 28
91 92 53
51 1 90
25 44 12
15 86 5
22 65 4
35 49 28
90 49 87
56 19 50
41 38 44
1 95 5
98 6 62
9 29 68
41 89 2
22 15 71
34 7 96
52 38 65
42 20 35
60 32 36
24 85 9
61 48 43
66 22 95
34 92 15
60 49 32
88 73 70
58 50 46
94 63 74
11 23 32
57 55 43
51 16 16
79 94 49
47 89 59
24 58 73
10 15 44
99 10 83
30 5 94
93 93 77
38 60 74
64 10 43
50 96 52
62 50 14
1 39 44
25 68 65
2 92 77
14 62 55
54 42 51
85 63 75
22 48 30
44 94 15
73 64 5
99 46 56
86 3 78
32 93 47
5 13 74
48 15 37
30 21 10
79 20 72
79 78 31
70 55 90
59 35 33
58 43 9
53 26 0
2 98 75
83 64 64
46 62 95
91 97 85
36 31 39
78 80 4
33 20 95
25 39 54
63 74 1
36 80 42
63 39 64
78 29 65
43 32 98
8 77 24
16 48 43
96 65 9
14 25 88
95 41 45
96 1 75
4 21 93
93 12 46
89 38 99
46 39 73
42 8 55
33 19 28
33 83 3
23 2 45
76 4 89
79 60 5
87 72 37
58 74 38
26 47 9
34 43 2
43 52 60
47 29 24
41 60 76
59 16 33
50 15 41
73 73 3
79 60 13
57 15 31
76 35 85
66 29 63
45 26 51
24 97 76
38 76 89
48 65 71
35 1 53
99 67 6
60 7 73
59 93 31
46 9 58
91 63 81
89 68 16
44 84 27
13 48 70
22 94 46
67 70 93
5 41 72
61 69 87
5 39 28
71 72 38
20 66 1
25 50 76
96 74 42
66 4 13
21 93 53
92 51 52
78 29 95
95 94 82
96 18 11
49 65 7
11 43 53
0 0 14
88 41 21
51 25 25
91 25 58
51 71 89
11 80 35
2 16 51
21 8 80
86 71 24
26 56 38
63 25 19
69 16 12
62 40 44
2 14 3
14 56 72
49 19 24
76 68 76
47 58 69
18 97 49
38 57 93
80 45 40
48 97 40
49 27 28
81 45 75
57 52 25
78 20 17
22 91 91
86 88 77
57 30 52
56 11 85
1 90 66
88 66 90
69 9 98
9 15 52
44 96 74
61 84 47
32 23 54
62 72 32
87 83 30
99 12 90
2 58 7
39 18 3
6 12 16
16 27 37
66 40 72
94 88 3
45 0 8
12 94 28
72 68 2
34 69 0
2 5 91
66 72 0
13 46 4
82 24 98
22 37 3
50 7 24
52 38 4
87 92 32
12 62 77
80 19 51
68 40 76
69 96 95
64 12 84
23 97 41
85 10 79
66 47 14
0 9 31
42 38 40
83 61 16
43 6 66
37 31 59
10 64 58
43 48 20
67 68 29
79 30 6
43 52 98
59 96 27
33 81 26
79 29 15
35 26 60
88 40 18
49 79 24
89 66 34
37 33 38
39 97 86
76 5 2
43 97 3
92 41 67
49 6 25
65 68 55
41 71 44
41 82 87
1 91 25
22 55 82
32 61 69
31 62 30
82 13 35
32 29 93
94 78 25
37 68 23
62 24 84
45 65 21
46 35 35
77 95 61
17 1 58
56 18 29
82 99 33
12 77 6
40 65 10
89 84 91
2 38 82
67 63 97
89 40 59
46 61 95
52 12 42
65 80 92
57 89 14
52 34 63
56 54 86
70 0 84
15 83 39
34 30 28
9 66 19
40 21 17
14 58 40
49 16 41
19 71 67
18 55 69
35 88 37
86 37 69
17 39 10
32 73 29
65 68 39
68 23 70
53 79 26
43 25 78
96 14 44
43 27 32
97 14 22
74 42 10
57 7 19
32 85 88
68 58 39
24 68 68
20 22 30
73 22 16
80 46 83
69 51 70
35 40 84
40 13 6
24 39 4
90 81 3
60 17 57
58 9 80
37 91 99
22 28 64
99 39 71
86 9 18
81 35 28
82 95 38
65 22 94
90 49 27
23 33 70
31 97 75
88 4 33
38 83 22
82 76 45
47 54 16
59 98 87
89 19 40
98 47 18
96 43 50
5 53 11
77 63 42
52 12 88
21 38 87
0 51 43
64 46 11
32 56 69
10 91 19
86 24 81
85 12 34
90 3 81
77 77 42
50 34 43
24 36 29
45 22 86
72 51 38
86 23 99
56 58 73
83 38 12
9 52 23
98 81 41
14 53 98
86 42 21
75 63 88
82 62 63
24 54 95
89 1 75
11 28 7
37 31 78
21 50 69
14 7 27
51 0 46
26 5 52
21 91 58
78 64 28
23 70 44
12 75 1
96 91 54
14 76 82
47 8 25
38 83 76
83 30 79
27 8 54
66 27 30
41 71 29
39 8 84
0 17 96
53 50 12
50 52 46
21 90 46
87 91 24
71 63 29
70 30 29
6 17 57
71 55 83
16 28 84
22 87 61
3 94 17
72 3 99
86 51 29
81 17 86
57 83 47
54 69 92
67 29 63
66 51 88
93 68 67
82 99 51
79 30 14
79 2 78
0 16 86
26 1 77
82 32 56
40 21 58
3 15 43
15 0 25
99 83 21
39 54 25
0 8 33
65 74 90
43 69 60
1 24 10
79 46 37
0 58 71
16 30 70
2 84 58
97 44 29
97 12 89
50 74 18
50 96 57
62 75 62
76 23 18
96 72 84
28 19 12
72 95 91
63 5 52
46 13 59
79 7 4
27 2 56
19 87 54
10 64 42
21 23 26
10 1 32
97 10 40
2 78 82
50 50 1
11 1 21
92 37 74
26 46 48
44 22 85
17 42 13
56 1 62
38 72 99
87 40 17
3 63 69
94 37 17
11 29 88
18 80 21
58 57 20
6 80 41
82 11 55
11 43 73
3 14 59
46 72 10
39 99 32
33 4 5
17 76 78
77 57 24
68 24 76
59 86 4
72 71 8
98 51 18
7 46 38
55 79 89
18 19 82
50 76 80
15 25 35
19 55 20
49 53 53
20 79 39
15 1 16
57 53 97
98 31 11
20 7 67
5 38 48
53 37 62
70 24 39
23 5 27
2 6 21
16 22 9
95 22 35
93 50 79
86 42 46
31 88 15
9 89 56
14 29 42
52 85 70
66 39 94
11 51 55
73 75 22
35 20 53
74 63 84
14 42 44
8 60 78
81 7 72
1 78 99
82 17 37
48 32 46
2 11 4
99 68 72
89 59 18
40 65 30
14 8 34
85 69 39
14 6 3
87 6 3
74 25 55
84 51 94
18 10 78
48 57 33
47 36 38
43 18 59
24 31 7
96 82 67
14 42 93
20 98 28
3 41 41
76 50 66
16 67 11
16 2 18
25 42 90
23 0 64
90 60 49
53 29 97
49 23 41
89 89 18
23 36 8
91 67 60
92 13 30
59 44 55
42 57 63
90 42 72
58 91 83
64 47 63
9 80 99
57 91 59
73 44 68
46 11 73
68 14 29
42 10 47
19 19 50
29 97 69
49 33 63
86 30 19
57 35 19
26 12 75
96 35 72
4 3 18
45 90 41
16 5 77
40 60 70
27 35 22
56 39 98
96 92 27
40 67 10
88 11 20
33 95 6
19 41 71
21 18 24
55 42 37
56 27 57
21 7 83
58 25 71
9 88 42
68 72 47
1 62 22
81 75 59
1 54 47
85 12 45
24 99 57
87 36 17
62 94 18
84 70 68
21 0 60
72 35 10
60 97 77
70 12 80
64 72 74
18 11 20
58 14 36
40 92 87
94 23 23
90 92 4
5 94 34
8 28 43
55 84 91
86 20 66
17 39 52
4 51 75
82 99 26
29 25 39
99 30 40
50 85 84
22 52 31
54 85 74
12 5 75
69 67 54
82 58 12
72 66 70
30 44 71
7 94 94
20 96 0
94 18 55
30 79 92
48 87 95
90 99 52
97 47 69
12 21 88
38 64 4
87 47 98
50 79 10
37 87 67
60 11 7
7 82 43
18 79 90
47 74 35
86 52 95
8 99 66
77 1 58
71 44 34
62 4 5
80 84 33
24 97 24
46 21 55
34 86 85
74 52 45
73 36 91
54 96 89
90 92 59
0 90 8
51 62 28
17 20 59
28 9 40
70 23 66
7 80 37
52 7 1
82 20 57
85 63 26
48 48 12
71 25 78
9 56 69
3 36 28
84 53 26
22 87 21
61 47 11
3 75 48
65 58 95
18 94 98
70 76 16
37 54 35
26 39 80
66 49 83
39 4 80
68 74 56
59 44 40
29 1 43
62 32 81
36 60 76
44 85 99
34 3 12
7 90 6
32 63 76
52 0 45
66 89 59
56 90 73
0 75 38
9 96 6
97 97 32
90 83 56
80 85 18
37 94 49
91 86 18
66 63 4
21 33 96
28 97 25
5 11 41
71 49 95
99 54 67
12 15 56
43 17 15
42 66 87
1 36 15
82 78 13
15 3 40
34 92 97
31 80 18
43 6 56
16 80 89
50 85 82
13 69 74
1 71 18
16 69 54
33 41 32
54 27 88
86 20 40
28 46 55
88 5 33
31 48 41
51 66 37
33 56 97
72 23 35
49 42 55
15 6 27
15 17 54
90 24 1
98 43 16
48 53 5
88 69 1
90 15 87
42 28 61
66 50 92
18 29 95
39 68 91
67 73 59
81 13 1
56 95 11
37 9 53
35 30 53
59 90 49
35 58 69
71 19 51
93 9 48
6 70 98
23 84 76
51 14 27
11 18 59
13 30 2
66 53 35
28 5 48
53 82 6
86 15 74
92 82 3
20 29 4
93 44 17
73 52 45
99 46 26
37 65 93
26 83 80
72 42 76
44 58 77
83 39 82
75 14 50
68 71 26
63 28 27
69 33 27
21 79 93
78 95 56
78 74 56
85 74 58
89 54 96
91 15 19
92 89 29
24 49 38
95 25 91
83 68 20
71 53 58
37 3 3
55 88 66
98 17 49
19 94 61
15 62 42
53 45 86
85 16 85
43 5 3
95 37 72
48 0 36
67 99 90
9 56 74
86 61 41
77 78 14
45 78 97
61 56 30
79 66 94
44 45 5
68 12 73
10 28 78
98 51 65
78 57 83
83 45 66
5 29 94
28 28 9
55 66 43
0 20 86
80 20 7
87 95 89
35 64 6
26 81 8
48 18 76
80 28 58
10 88 20
92 1 75
71 63 32
54 64 20
34 46 61
13 53 49
19 47 35
1 23 66
78 77 64
50 59 41
12 77 1
5 3 39
70 45 1
79 38 43
63 75 97
11 80 69
81 41 13
43 99 1
59 60 85
44 46 31
56 48 36
71 0 6
69 50 8
20 60 29
32 81 30
86 65 88
53 85 84
63 93 15
98 7 6
69 26 52
8 58 89
64 74 16
30 42 92
44 90 2
13 48 58
20 43 94
18 11 78
53 7 82
98 73 93
92 2 84
54 2 17
65 1 8
54 2 27
30 64 67
90 28 61
60 66 29
4 59 43
56 38 39
76 25 97
11 72 38
47 77 29
51 98 4
88 64 11
41 78 2
46 1 78
97 40 50
92 34 68
44 31 12
71 98 8
96 99 41
66 53 24
56 75 80
13 22 56
3 2 63
77 80 26
26 62 90
29 86 28
27 96 46
87 54 70
10 67 86
63 53 3
24 42 58
80 18 16
43 41 43
79 26 89
52 64 21
6 12 67
73 30 84
30 39 1
86 14 73
45 25 50
77 88 34
18 20 35
83 67 48
88 64 41
91 51 70
92 42 8
66 83 34
13 98 11
81 64 9
17 16 92
84 87 88
20 68 83
85 64 40
54 77 76
37 22 21
41 37 94
38 19 34
90 63 37
55 81 3
82 55 35
48 53 91
21 18 23
75 92 47
30 87 30
35 73 50
91 81 91
70 22 94
66 25 89
53 14 13
1 5 60
92 30 0
20 72 86
72 40 31
1 0 37
92 75 64
83 82 32
43 6 56
37 96 63
67 1 19
45 56 58
57 56 82
99 69 67
67 62 73
5 13 60
93 32 91
42 81 41
18 25 82
86 80 31
62 39 50
87 32 36
56 70 6
33 85 73
39 82 16
52 5 59
28 56 18
1 30 99
45 48 74
25 19 55
0 17 28
30 63 1
44 9 50
19 54 86
46 94 11
97 94 15
5 53 91
29 93 69
38 62 9
45 47 93
48 72 68
86 5 1
82 81 6
37 78 36
81 76 83
19 45 68
37 97 64
88 72 9
75 11 44
15 11 96
10 5 53
44 42 59
34 54 98
9 97 37
39 89 54
37 86 34
81 15 57
93 2 24
56 92 65
71 37 15
0 2 42
56 19 44
87 26 94
83 79 83
73 9 84
64 4 94
69 95 56
79 63 95
87 74 88
14 37 16
41 95 67
62 46 49
56 66 56
16 76 74
56 78 10
11 20 25
12 2 85
17 85 14
55 36 13
64 51 46
29 16 13
24 62 43
37 86 52
84 17 13
11 47 75
44 88 60
82 86 38
50 11 78
89 40 16
75 18 96
97 35 8
45 26 19
47 89 39
70 1 63
52 15 77
94 13 32
21 7 44
34 13 61
13 80 73
13 30 91
65 62 38
95 42 0
50 5 7
26 56 63
51 56 15
76 99 19
55 35 2
63 46 34
19 16 34
7 35 20
86 31 96
33 19 90
89 60 1
12 9 59
22 26 94
87 87 5
45 21 37
78 35 29
90 0 41
38 8 52
73 3 77
91 94 76
71 73 36
38 19 74
50 10 17
88 26 35
40 48 54
11 78 80
78 57 45
24 75 12
37 65 25
4 11 16
14 79 20
85 46 90
77 97 96
30 81 56
96 49 82
98 80 54
14 89 91
52 74 20
26 89 87
98 88 16
66 14 30
96 2 10
22 60 87
81 38 42
76 64 94
61 38 5
97 68 5
11 9 9
50 24 52
25 95 52
97 24 75
71 32 9
23 15 36
17 60 58
77 83 1
12 27 62
79 69 50
23 44 89
72 48 20
81 1 95
69 61 74
79 54 11
12 47 31
50 98 99
9 40 36
52 15 31
48 82 79
56 45 64
89 32 80
74 42 37
24 63 42
58 53 76
43 83 21
92 72 14
26 91 16
15 80 80
12 32 18
88 41 69
14 1 36
34 68 95
26 87 69
9 72 91
12 6 4
52 68 22
93 72 77
72 28 36
94 11 44
7 31 36
95 53 92
81 44 74
20 5 72
37 90 65
33 44 86
41 37 32
58 2 27
45 41 95
3 23 95
61 49 95
72 86 12
29 61 59
31 34 49
1 37 5
99 36 23
96 77 64
17 37 39
45 77 81
93 11 13
73 46 60
77 85 74
16 27 11
50 67 19
92 15 74
46 43 81
76 78 75
21 46 63
2 63 30
95 96 91
44 82 36
40 39 17
45 55 26
97 2 2
60 10 19
39 72 12
90 56 51
12 10 54
84 10 66
62 20 86
27 52 87
57 70 61
66 6 37
37 83 63
27 32 33
84 69 94
13 64 9
62 81 44
54 37 32
77 36 48
40 60 49
99 94 72
36 23 55
92 28 97
32 65 56
18 54 68
70 42 91
9 41 2
43 25 55
96 37 98
37 61 10
82 12 32
86 64 13
95 50 30
75 99 31
77 54 48
71 97 93
26 20 45
33 4 31
73 99 51
39 78 62
62 40 68
20 59 61
97 48 45
40 10 79
92 86 53
56 15 30
11 47 80
51 5 80
68 57 75
78 31 53
76 11 10
71 3 58
18 95 34
24 23 95
92 30 57
40 8 90
64 18 57
55 44 52
68 64 44
12 80 51
60 51 56
91 71 21
8 69 58
20 93 35
68 88 29
22 94 79
26 25 45
80 45 0
56 85 91
45 26 74
14 46 7
47 32 37
11 68 72
19 71 47
37 47 68
53 86 16
42 32 26
86 22 2
85 91 52
3 13 23
42 21 98
21 30 12
40 84 75
35 75 17
10 16 94
0 26 73
75 70 33
35 86 21
37 57 46
10 36 98
15 26 29
61 53 66
63 56 48
57 64 54
18 50 34
14 98 32
97 74 50
3 43 65
46 16 66
12 37 73
62 21 4
30 78 13
33 4 9
74 60 44
33 9 25
96 73 39
2 41 20
6 40 63
52 73 56
49 23 44
11 55 84
3 57 59
78 44 28
69 31 31
64 64 65
57 70 74
23 75 98
72 63 22
34 97 83
19 41 58
18 59 90
86 89 77
19 70 34
91 21 35
17 57 22
36 81 56
61 91 58
64 33 80
75 0 30
54 71 84
13 73 93
12 9 80
54 56 74
41 37 85
18 57 64
43 42 77
34 55 71
39 94 10
51 39 40
20 77 75
80 28 16
91 19 80
39 66 37
59 77 38
96 96 77
17 53 68
36 41 88
63 85 21
0 5 73
81 57 10
4 13 92
15 49 89
1 86 46
32 72 16
6 46 30
68 24 79
42 44 84
76 20 16
80 25 39
60 8 89
27 17 26
25 29 6
40 44 95
14 28 2
94 31 3
23 67 72
4 13 54
55 26 34
3 96 90
8 27 76
31 14 69
11 23 8
48 49 47
47 58 51
83 4 12
61 8 44
24 11 47
13 78 53
83 82 39
96 90 45
89 84 17
81 38 98
14 6 41
72 56 31
46 48 19
76 93 72
83 20 14
22 49 86
51 79 91
41 58 37
45 97 56
28 21 40
16 15 72
87 47 32
93 6 23
16 1 25
58 28 65
12 69 42
78 38 68
37 94 1
12 99 41
55 80 31
62 35 98
16 15 66
9 51 18
70 72 20
28 42 26
92 6 71
67 61 50
4 23 17
28 62 43
33 47 70
4 20 1
87 20 68
75 71 24
8 84 81
50 86 7
85 9 59
95 92 0
85 0 5
69 52 40
50 56 70
79 95 66
88 30 96
22 57 66
12 54 66
6 49 17
55 51 37
29 73 74
62 7 63
91 53 45
6 56 2
92 48 92
25 59 7
65 59 91
93 65 14
92 61 86
89 86 76
9 40 12
34 7 6
94 97 83
50 18 86
97 50 30
46 69 91
35 97 99
45 20 81
28 94 97
48 27 45
21 36 31
61 56 63
33 51 53
34 54 22
33 16 89
25 39 64
10 58 65
89 87 1
34 76 88
16 85 6
98 94 84
82 17 21
72 74 89
10 14 54
56 7 82
43 92 42
24 10 31
68 24 61
27 53 56
9 62 60
39 51 10
33 28 57
23 81 27
8 3 60
72 2 15
17 78 65
82 46 94
54 40 70
63 34 37
29 57 59
71 12 96
78 67 50
89 54 61
84 64 15
11 20 41
64 6 23
10 49 48
73 91 35
50 5 12
38 95 60
64 20 3
32 24 63
79 73 96
66 17 53
34 37 69
69 92 16
5 15 64
89 48 25
62 99 26
46 25 42
2 21 86
44 28 25
47 99 64
84 28 76
66 4 17
66 69 8
49 51 23
13 38 15
90 89 55
33 28 95
96 86 44
40 20 62
36 34 59
86 38 61
64 56 42
35 25 44
22 73 56
73 28 71
70 88 16
90 79 70
48 40 69
71 54 31
50 32 55
89 84 34
43 34 35
94 6 79
78 64 9
75 42 25
0 34 94
29 76 22
29 65 24
83 9 3
37 33 37
50 10 21
84 78 72
52 28 89
26 96 77
0 39 32
59 35 43
5 47 54
14 70 89
49 4 19
67 75 72
63 9 84
11 4 28
33 68 72
52 17 5
59 93 95
30 80 88
18 27 26
75 40 12
71 31 51
72 50 9
19 81 62
55 82 32
25 92 22
64 86 12
75 62 88
9 82 38
27 43 43
98 51 43
98 44 41
10 8 44
16 94 23
90 11 49
2 56 32
47 50 12
10 12 79
69 10 63
37 24 70
41 20 39
4 30 62
92 80 96
68 65 20
4 45 43
48 83 89
84 80 48
79 34 71
13 72 45
22 47 64
88 30 35
62 29 21
47 6 4
78 96 89
73 7 32
87 29 99
97 32 82
14 67 70
80 51 70
34 77 41
43 13 92
49 16 19
86 45 67
56 41 20
95 21 45
43 23 73
26 91 62
21 46 79
62 1 29
1 37 26
56 17 34
47 1 74
20 42 97
73 24 32
30 46 6
50 16 98
96 26 4
96 99 71
6 11 70
88 79 19
75 31 68
53 2 90
89 37 66
69 66 37
54 0 55
26 26 28
88 9 96
59 50 59
94 29 96
92 3 16
42 37 81
65 34 86
61 35 28
87 74 6
34 9 41
67 82 47
91 95 96
50 68 84
10 19 85
39 10 81
26 22 99
93 7 62
52 49 84
25 52 87
3 27 35
79 21 30
64 7 61
49 58 94
15 59 10
21 32 3
77 48 71
42 45 26
94 22 74
50 69 49
1 89 58
80 51 95
97 99 32
80 82 0
90 81 9
67 10 33
3 53 59
30 76 65
57 42 19
72 89 51
44 81 51
82 34 94
33 83 76
54 4 53
55 92 49
91 61 46
90 9 81
14 6 15
44 12 69
61 63 49
45 42 23
95 21 88
56 26 81
80 28 36
13 35 20
60 46 21
6 62 50
25 72 48
62 62 78
87 37 88
73 19 43
76 61 86
34 58 3
54 22 76
3 86 84
37 60 28
64 35 82
17 82 72
63 11 75
49 95 31
40 60 94
50 26 30
82 98 24
82 58 60
29 4 6
5 0 69
79 95 61
89 78 22
28 19 72
7 29 60
40 92 67
96 90 93
9 23 46
24 12 87
98 37 54
53 54 76
33 25 24
3 18 44
49 69 98
48 98 54
68 38 4
51 80 53
26 40 58
48 81 96
45 92 91
16 39 30
53 25 74
92 13 77
20 84 5
81 45 80
50 57 76
47 51 33
15 43 53
41 54 31
69 45 87
95 0 71
37 2 19
35 15 32
20 52 8
48 14 98
5 48 9
84 71 24
29 48 48
93 9 91
75 77 0
27 31 41
79 27 13
75 41 50
79 5 52
86 21 38
48 88 59
0 7 29
43 22 75
40 66 9
55 86 23
87 21 95
20 24 6
54 18 67
81 78 74
2 14 68
21 90 12
43 32 78
83 6 19
40 19 82
42 73 39
31 62 23
74 30 24
75 47 32
66 50 91
85 22 69
9 15 93
2 78 51
17 73 5
51 26 41
61 10 90
87 29 20
94 57 87
80 47 86
88 34 26
1 22 74
31 80 18
28 34 64
95 12 87
90 78 38
6 85 6
43 16 44
0 88 50
78 28 43
12 35 5
29 76 50
72 63 60
92 27 18
81 38 90
78 95 98
7 44 34
87 77 40
17 39 97
56 10 89
22 12 55
64 46 18
26 19 51
4 60 90
62 13 77
24 98 12
22 6 70
53 45 70
31 48 70
61 44 7
4 14 74
18 76 97
54 50 13
52 20 41
34 88 17
34 86 89
38 51 54
10 58 74
58 82 61
88 94 92
31 6 40
64 28 30
6 73 42
60 65 9
85 8 7
10 13 95
69 48 84
16 75 74
94 73 62
4 17 52
81 99 7
93 5 74
45 38 68
13 18 5
98 28 49
5 98 18
43 25 57
56 9 61
81 8 98
82 26 8
58 2 13
35 42 23
6 88 43
44 9 23
92 84 17
8 80 9
1 92 76
87 41 75
79 63 96
11 42 23
90 7 64
81 52 58
13 54 4
75 15 42
0 60 75
12 27 67
72 63 17
87 82 81
81 24 8
88 31 86
88 66 57
57 83 12
70 93 27
76 87 14
97 71 2
85 43 89
31 73 23
14 68 45
37 39 98
30 55 88
85 7 42
56 45 71
90 48 59
73 39 32
86 80 26
0 0 99
2 12 83
53 64 77
48 8 44
38 17 20
58 35 17
11 88 16
39 9 13
69 57 93
82 55 76
15 38 96
27 34 12
5 33 76
35 25 23
62 45 61
79 55 41
45 17 24
96 15 86
88 60 81
64 91 50
57 44 7
22 37 15
56 4 12
51 29 91
29 4 85
84 87 96
76 31 34
48 6 70
80 49 61
36 46 23
89 79 68
66 20 16
84 96 15
94 8 19
32 34 4
81 52 95
5 85 29
52 60 12
27 27 26
85 7 63
78 13 63
65 73 37
68 24 40
49 1 6
35 66 17
46 3 66
36 57 13
70 96 91
34 96 14
17 37 92
54 8 22
77 27 71
21 62 41
41 33 15
75 50 80
0 47 36
9 0 23
98 35 59
15 21 76
66 62 25
38 58 74
55 94 86
52 13 49
9 87 6
93 65 95
74 77 90
92 53 48
53 0 10
4 85 29
50 87 10
23 40 22
40 39 97
91 97 34
46 40 18
76 69 70
88 14 6
65 84 18
70 9 90
14 12 3
60 65 37
67 85 26
57 2 10
15 36 44
54 18 64
89 49 99
10 88 0
11 21 83
1 77 47
22 24 64
85 18 24
34 92 98
87 0 9
70 83 98
98 6 3
9 70 72
13 71 8
34 72 69
88 56 33
48 45 39
49 56 60
82 23 89
44 61 37
85 57 97
42 23 86
51 10 45
9 55 97
60 12 50
70 80 0
67 87 2
6 28 46
20 59 68
39 65 25
76 41 0
76 50 52
83 9 10
54 49 75
19 89 17
79 96 25
31 86 20
31 0 81
2 48 54
45 37 92
79 16 31
9 27 69
21 4 23
54 66 34
41 16 3
23 15 93
75 38 83
2 77 7
54 53 7
56 84 36
65 58 20
61 30 9
80 7 83
38 15 35
27 5 93
64 66 11
43 66 10
44 16 6
30 70 46
39 10 13
62 92 48
37 16 15
41 94 82
47 69 30
9 61 37
45 58 2
64 43 20
83 77 47
19 93 47
30 95 78
48 87 35
15 31 95
14 56 5
7 10 47
55 56 91
20 61 39
63 77 63
27 41 41
31 9 45
76 40 79
71 19 83
83 56 51
87 98 42
10 34 16
37 90 61
53 16 30
27 40 84
93 65 16
88 95 92
24 54 91
31 0 13
77 9 54
64 80 47
85 88 62
41 85 65
16 89 48
17 63 73
31 41 88
55 9 70
1 68 73
92 69 38
91 11 50
36 68 65
68 91 42
73 80 89
53 78 63
23 97 13
56 9 69
98 80 87
12 18 1
56 28 9
6 96 53
62 38 9
26 24 38
7 23 56
96 81 26
3 91 11
0 44 74
77 47 63
51 22 59
40 13 18
68 55 5
29 35 60
29 16 42
15 50 44
79 48 1
96 28 49
38 84 73
16 11 75
41 21 81
34 23 67
94 75 72
78 0 20
40 90 20
78 84 91
85 58 64
9 51 14
88 61 82
99 57 16
97 62 70
34 28 58
52 63 80
64 92 89
22 93 50
24 98 84
70 44 65
47 36 77
97 81 33
72 74 37
56 80 37
54 81 73
74 0 50
29 19 91
99 22 88
18 51 22
38 61 36
91 5 93
54 5 45
23 52 67
47 70 55
86 83 86
93 20 7
92 95 82
50 77 40
30 68 70
33 28 95
60 48 9
43 54 46
74 84 33
30 84 76
0 37 64
9 46 78
62 32 92
94 13 40
48 91 88
43 17 49
92 5 43
41 57 29
3 62 93
8 58 48
90 47 18
30 37 56
38 7 70
57 82 79
82 25 33
43 42 24
5 11 74
64 62 25
46 61 65
23 62 23
74 63 49
41 4 54
31 0 13
65 13 23
35 3 95
84 45 35
96 98 8
91 25 65
31 96 6
82 9 69
92 77 0
81 45 4
69 23 3
51 25 41
74 69 66
33 60 25
39 95 41
25 44 33
1 5 54
90 71 8
19 41 20
12 10 70
47 11 84
67 54 2
0 78 77
4 14 84
67 15 75
43 0 79
83 90 62
43 35 52
32 16 93
62 42 84
7 9 99
4 42 74
1 56 36
58 74 71
56 15 21
26 96 56
59 73 27
68 84 70
31 53 41
7 12 93
4 66 31
50 37 27
53 85 98
91 4 66
17 92 96
81 3 47
81 42 7
15 17 58
98 22 84
34 75 26
38 12 71
43 10 60
43 69 41
40 91 61
12 97 49
24 22 77
61 3 57
51 82 66
72 10 22
83 60 28
94 50 8
69 67 42
0 81 78
38 15 19
1 23 2
35 15 47
75 16 81
62 45 50
86 7 45
23 34 82
86 56 37
14 61 2
57 90 73
27 4 60
59 10 6
16 22 21
79 61 59
49 46 67
46 17 8
58 52 49
2 82 95
81 95 12
87 48 27
89 23 95
74 70 68
24 49 86
2 85 12
18 97 40
16 14 13
42 88 77
66 26 19
47 82 33
33 30 44
28 90 84
73 46 91
17 91 52
64 45 14
8 56 67
36 91 75
85 48 86
89 77 64
17 70 82
29 66 11
78 79 79
18 3 76
77 42 38
45 69 16
36 21 45
30 55 5
43 49 50
82 77 99
16 39 35
43 42 58
49 33 46
51 41 82
99 48 95
22 49 70
28 94 93
39 8 62
12 41 3
25 59 77
26 39 1
3 94 25
33 70 45
90 53 39
92 89 86
62 59 51
97 0 65
0 54 45
77 80 3
89 65 82
99 63 6
30 79 83
98 58 29
34 98 70
32 41 65
92 57 33
68 2 19
11 76 96
81 23 16
7 31 33
72 85 14
47 12 21
23 73 98
81 79 43
84 32 54
57 3 38
13 90 94
1 15 59
41 12 90
53 87 93
29 19 48
51 49 75
27 20 51
7 56 46
42 40 17
82 52 77
65 69 87
50 67 11
79 86 98
16 86 25
78 85 23
34 26 39
46 17 75
85 69 48
21 0 41
7 45 92
44 5 46
89 34 78
96 93 65
52 55 80
42 26 1
74 29 49
29 65 28
15 66 73
90 16 20
71 89 16
79 38 0
87 86 67
31 68 90
87 29 5
27 46 67
43 65 59
33 34 19
29 0 43
56 77 6
77 2 82
77 10 30
19 38 36
85 96 30
5 38 55
90 57 93
27 56 88
11 1 52
82 98 46
50 18 79
40 80 4
98 25 30
40 6 19
60 0 87
75 8 21
35 84 32
78 38 22
57 10 26
95 76 36
13 86 55
1 94 76
72 18 31
4 50 99
3 34 82
48 78 86
33 39 75
4 77 17
46 43 39
12 37 60
11 6 76
6 88 30
35 21 55
29 70 82
94 17 65
14 12 98
7 13 29
72 29 91
77 64 7
11 58 59
29 79 26
27 83 8
80 9 80
17 61 48
65 51 3
17 36 14
11 71 60
53 42 64
44 32 46
14 45 24
61 77 21
27 65 88
8 82 22
59 37 11
87 32 60
72 48 37
50 97 92
5 75 44
24 52 36
81 74 84
78 25 14
3 73 32
52 21 79
52 71 87
37 12 32
72 76 76
8 32 21
52 17 48
57 59 76
96 43 40
64 25 5
25 70 74
75 46 87
84 56 41
75 28 30
43 94 75
99 90 46
7 43 15
73 72 82
90 31 46
74 47 52
83 30 92
97 84 86
28 87 45
48 16 81
83 19 47
97 93 47
43 51 79
62 2 98
51 42 21
40 74 52
88 27 93
0 70 12
91 10 93
11 24 3
51 56 23
21 1 57
35 94 95
46 99 85
77 84 18
59 43 27
27 1 28
84 4 98
6 87 98
95 29 28
58 70 77
78 68 97
56 28 55
94 93 69
11 31 10
94 68 30
3 97 55
39 24 80
57 83 88
36 84 53
10 37 88
67 43 42
4 88 73
27 53 9
81 36 64
75 43 93
9 21 60
94 43 61
74 89 53
50 51 57
60 31 86
86 61 49
33 47 41
22 25 18
73 31 88
6 98 53
5 92 56
17 82 73
34 78 22
4 34 64
57 96 89
2 49 73
46 88 46
3 8 60
69 85 41
98 71 66
32 97 24
7 4 44
75 88 74
2 25 73
8 20 94
99 8 1
39 40 61
47 35 37
69 8 94
96 67 29
15 43 44
33 60 12
66 39 4
45 39 23
97 86 97
32 2 6
62 29 81
58 52 56
72 78 27
7 58 55
20 82 18
14 9 24
62 67 22
25 80 61
25 48 90
77 59 2
80 46 47
72 26 98
74 55 10
35 82 3
56 98 91
26 88 20
54 76 90
68 20 53
17 75 29
67 40 74
20 51 24
29 53 56
91 92 27
7 87 90
85 98 96
21 86 65
29 95 49
42 5 98
34 78 44
41 70 81
35 72 13
52 29 65
37 87 35
21 3 80
29 76 28
57 12 47
45 47 70
38 29 4
6 66 10
26 88 81
88 15 17
43 80 54
34 37 93
59 96 12
57 97 71
81 97 53
59 72 6
88 4 64
80 54 93
49 33 52
34 33 7
18 23 77
16 89 1
67 34 55
4 31 75
6 89 2
86 99 31
53 53 17
31 9 23
66 16 51
41 20 19
64 25 34
71 64 59
15 69 94
74 79 13
8 65 98
34 14 82
48 23 87
60 49 74
73 86 0
88 3 31
13 14 44
2 51 12
2 71 87
61 39 2
98 55 28
5 71 47
8 31 58
6 80 43
23 70 11
57 91 82
78 54 12
42 31 6
71 19 84
31 54 77
13 9 26
43 61 79
59 46 80
81 61 35
46 16 56
35 96 25
83 76 88
31 74 91
51 76 81
18 70 22
39 0 82
37 52 20
71 56 2
89 58 67
30 15 4
98 30 25
65 66 20
70 69 37
85 45 47
0 48 25
39 3 12
55 41 40
50 9 49
90 1 35
23 70 7
6 30 40
54 85 46
29 45 80
19 6 64
64 76 54
88 58 95
35 6 19
54 99 88
11 46 37
94 41 21
9 4 73
6 80 7
43 70 70
71 70 86
75 34 45
38 26 3
13 86 94
61 22 0
37 91 31
3 63 66
67 63 75
88 17 39
13 50 93
73 77 70
79 91 61
58 42 73
88 19 23
48 52 79
52 15 4
28 42 90
31 77 45
54 59 72
76 27 66
12 60 21
62 67 89
90 47 80
57 20 63
48 18 93
20 10 7
4 41 0
97 89 21
97 19 52
20 38 25
11 58 14
45 30 29
69 78 76
30 37 5
15 25 94
13 28 84
51 4 48
92 37 24
92 7 98
13 25 89
89 96 72
12 76 95
95 10 54
20 91 6
27 83 67
68 83 60
93 38 23
66 1 2
10 95 64
1 73 38
36 97 63
68 80 60
81 91 59
0 40 79
41 9 68
10 9 66
16 45 29
32 81 54
28 89 75
76 57 65
88 35 91
32 98 18
94 82 37
95 79 6
0 40 29
53 10 22
38 1 36
48 9 73
42 21 1
98 25 65
40 30 86
97 89 35
64 19 97
99 48 77
94 18 92
7 28 22
80 38 33
53 63 40
49 41 72
93 36 47
91 36 50
38 42 61
49 56 14
36 11 41
77 58 1
0 34 64
58 32 11
88 62 53
60 54 49
2 19 70
5 62 87
78 56 33
81 90 58
53 96 18
22 53 80
36 37 5
7 27 40
37 86 80
71 30 70
20 62 77
69 39 25
61 17 5
81 98 3
91 98 82
91 32 45
51 43 83
27 47 48
22 14 73
93 93 28
90 36 59
4 92 35
84 29 56
64 32 8
92 14 85
51 33 34
72 61 24
63 57 91
70 0 9
64 44 23
65 19 45
74 82 47
41 56 69
72 98 46
43 21 4
52 68 15
66 44 91
7 22 76
81 27 41
25 53 46
39 25 70
76 95 49
79 71 74
96 88 72
73 37 5
4 39 92
63 24 73
35 72 46
92 32 68
65 59 15
10 92 75
97 85 8
34 75 62
33 51 98
6 11 61
5 59 53
96 1 1
51 89 89
39 87 22
68 46 57
70 78 97
27 66 47
24 39 27
15 55 73
7 35 95
88 31 27
51 86 95
87 25 29
88 14 13
41 44 13
47 50 79
44 46 9
22 57 92
84 62 1
31 81 44
18 84 52
92 37 83
86 46 60
57 12 16
7 65 29
6 6 34
87 60 15
23 68 85
35 43 32
12 27 61
93 85 62
8 51 51
98 12 24
13 91 83
99 61 40
21 29 0
44 91 97
28 66 58
6 37 37
19 10 6
16 28 68
74 10 18
86 27 2
91 44 3
74 21 85
64 69 56
2 2 63
77 44 2
55 71 48
55 41 6
20 90 38
10 10 41
54 7 99
53 42 22
3 70 23
20 15 54
58 80 97
63 56 82
1 91 48
79 31 86
92 96 47
37 94 87
89 32 82
89 60 11
32 57 97
10 61 61
87 92 0
68 57 66
23 33 96
84 15 3
26 71 62
92 70 58
22 95 99
10 76 46
16 39 58
45 75 19
40 35 57
77 27 26
0 64 50
69 26 56
44 73 61
14 39 92
52 70 78
82 23 38
32 35 23
75 35 3
0 72 51
17 32 91
82 17 68
56 65 5
22 53 10
39 14 7
74 50 36
33 12 49
97 95 56
24 23 2
7 79 64
20 11 5
19 19 56
87 55 14
68 15 40
43 11 87
87 4 45
25 90 3
17 6 92
15 87 56
23 17 23
74 1 0
24 26 49
36 90 73
47 32 52
28 83 20
85 28 28
79 18 35
64 80 58
46 21 33
64 36 49
22 77 89
16 36 48
99 70 29
70 28 65
5 20 66
56 72 54
46 86 99
38 19 24
3 83 60
97 49 48
34 7 21
22 62 50
82 41 26
36 94 56
74 5 32
80 22 14
8 20 70
84 58 95
64 86 19
49 29 63
50 28 3
94 66 17
6 65 95
26 27 51
16 11 2
30 32 33
18 40 41
4 6 8
54 55 19
23 65 33
25 19 87
96 46 82
83 20 5
62 42 18
16 12 18
50 84 25
18 13 17
90 10 63
50 62 70
55 30 20
64 85 99
65 51 83
77 65 51
23 48 2
13 63 22
74 35 54
29 71 20
71 45 79
91 52 58
19 67 85
41 23 50
40 30 74
34 79 64
77 5 87
43 37 78
92 27 60
0 29 89
95 96 34
77 46 31
2 5 83
90 85 96
23 89 80
40 25 6
79 56 78
66 8 22
49 51 80
89 82 21
21 64 4
21 69 56
59 81 27
11 72 81
45 83 16
90 82 17
40 59 57
0 25 17
54 39 15
69 36 41
32 85 4
38 35 32
62 22 94
4 62 8
87 2 8
81 55 41
5 77 52
41 80 34
51 88 33
93 73 94
62 86 51
98 2 90
36 80 98
27 55 96
60 62 56
35 68 42
91 47 76
20 13 90
26 85 81
2 40 88
19 45 85
5 29 32
29 69 66
98 96 36
90 31 17
84 42 47
62 73 25
77 85 90
12 82 95
50 25 43
17 84 83
97 38 67
27 61 93
31 29 49
87 11 54
15 53 74
32 15 70
44 96 41
70 60 24
68 99 78
4 80 90
33 22 79
45 75 65
71 49 1
34 14 83
66 48 90
70 59 98
44 41 48
62 55 16
37 79 57
30 43 18
36 19 14
87 62 52
84 91 68
98 88 8
69 47 58
42 87 85
2 0 90
23 11 0
13 40 47
32 13 6
53 56 80
36 30 13
9 23 81
60 59 25
1 64 17
53 21 92
88 59 76
13 40 24
2 43 70
69 94 66
37 34 46
35 35 50
94 0 33
16 25 47
54 40 68
96 21 1
10 54 28
14 74 60
20 67 25
12 84 79
11 54 20
76 93 9
36 39 36
45 15 84
48 68 61
8 13 95
25 59 94
73 64 55
44 46 54
24 55 1
45 31 66
12 3 64
95 89 93
14 55 30
84 59 54
10 51 79
91 66 59
70 53 34
46 6 48
30 47 23
2 21 4
37 10 55
37 50 33
15 84 61
79 46 16
50 99 16
9 56 81
37 59 94
88 97 30
27 93 39
38 3 58
72 5 86
48 75 36
83 2 57
39 68 69
53 20 78
87 13 35
90 89 85
41 62 40
71 87 52
25 18 38
1 83 46
95 81 11
65 32 90
16 77 76
53 92 26
77 34 39
48 92 78
66 96 52
94 6 98
55 5 55
16 17 50
89 5 12
32 26 49
41 97 58
33 9 80
12 79 47
71 56 41
55 33 86
44 47 40
78 78 37
57 90 28
79 45 51
52 16 85
76 0 69
67 25 0
51 99 35
98 59 93
73 17 92
66 94 92
16 62 85
19 55 87
50 39 7
75 55 12
3 72 14
99 0 50
16 60 46
67 35 0
38 76 94
83 16 30
72 98 77
7 53 71
32 64 30
65 33 22
55 67 34
29 79 31
22 36 12
41 9 33
55 76 84
10 52 15
34 84 93
14 63 76
24 17 16
33 24 90
60 35 22
31 33 84
33 59 11
74 92 16
1 90 31
34 27 96
48 30 25
97 25 62
7 67 4
81 26 13
80 97 17
40 35 14
89 91 49
96 0 96
0 74 78
95 60 56
79 49 42
11 77 96
19 86 60
46 44 41
42 80 94
60 25 33
95 16 49
93 1 84
4 12 72
61 85 4
5 78 29
6 6 25
55 2 50
47 52 41
41 63 29
19 76 92
85 20 37
96 87 55
74 73 30
79 78 6
93 64 19
55 9 25
66 26 81
42 71 87
41 23 85
1 48 24
89 9 67
32 61 10
48 14 63
99 64 86
87 94 63
41 10 59
12 67 23
10 22 83
44 57 51
59 28 78
10 12 51
31 46 33
66 82 13
95 55 97
15 23 44
30 15 17
23 48 59
24 88 27
65 1 63
97 37 57
2 0 7
9 95 18
0 69 53
60 24 6
0 55 66
76 79 61
65 16 55
21 26 56
27 53 37
65 88 16
39 75 16
83 37 38
11 87 82
23 46 34
90 35 21
2 1 99
23 0 50
93 47 24
79 77 72
48 50 22
6 39 17
34 8 90
86 31 69
50 85 63
79 44 71
14 32 48
81 86 45
54 92 78
82 25 56
97 62 22
38 27 99
70 29 85
59 71 73
99 13 30
1 76 11
19 75 65
20 60 6
50 27 74
84 92 69
48 34 91
99 29 83
37 33 8
7 40 18
65 40 82
88 46 37
89 90 11
56 57 19
25 58 94
58 74 9
66 1 42
4 30 46
49 78 18
78 8 0
74 30 24
44 10 33
20 39 72
96 95 75
55 23 5
54 0 10
8 35 51
36 70 46
39 49 89
95 41 44
22 68 6
55 94 13
16 49 8
38 70 86
16 74 47
70 69 86
85 42 54
14 88 12
91 41 47
82 73 51
41 86 67
56 53 26
12 10 18
96 27 60
76 63 86
16 59 53
80 28 11
51 75 26
48 51 18
57 37 44
95 54 31
50 78 76
13 87 94
98 69 25
3 73 40
61 72 72
29 17 40
9 35 16
29 19 61
76 13 7
55 16 72
2 60 25
19 87 91
42 77 83
44 90 66
22 47 92
32 96 52
55 39 65
63 16 83
10 15 40
41 95 61
60 52 6
67 84 10
98 77 90
62 62 50
14 59 45
51 75 81
39 96 22
83 0 83
38 2 36
80 14 38
26 82 49
2 9 25
77 14 19
7 85 73
28 20 33
35 12 49
80 65 65
88 50 33
7 20 14
47 41 2
52 12 88
47 2 14
55 30 98
88 47 23
20 24 55
40 74 56
93 89 29
14 61 65
93 6 67
78 40 42
97 70 13
25 27 19
80 25 69
61 67 31
92 49 80
67 76 95
53 61 33
45 61 84
70 97 63
59 6 50
33 31 71
57 44 62
61 70 18
80 93 71
57 43 26
28 23 94
70 2 87
61 75 26
35 80 36
86 37 56
98 53 6
15 85 15
34 42 38
34 79 67
0 74 84
94 1 37
9 77 77
22 6 72
18 78 28
7 55 47
53 44 37
32 51 40
13 20 38
58 5 83
19 96 2
83 2 16
26 12 56
39 19 58
96 80 40
7 62 25
98 59 17
51 14 98
36 57 75
35 89 14
33 34 85
69 29 19
93 63 40
0 5 66
63 33 52
90 35 63
13 2 29
25 8 90
3 70 15
94 26 57
24 95 32
82 17 66
56 48 44
91 60 7
69 51 50
18 89 22
52 23 30
0 92 90
18 16 45
96 41 66
84 9 11
1 73 50
58 18 67
13 28 82
50 23 10
73 46 60
49 76 65
13 94 2
3 38 24
97 95 57
33 68 85
60 15 67
40 24 8
90 88 7
29 23 22
10 67 17
80 10 63
29 96 34
17 94 37
2 70 64
68 44 53
57 99 15
73 8 27
79 98 0
58 94 4
14 71 16
23 92 37
35 97 86
75 51 35
63 59 67
73 70 88
38 0 15
31 13 21
69 77 40
17 72 53
65 87 78
94 56 40
33 71 10
26 49 75
75 19 36
61 6 77
0 85 0
95 28 36
95 9 93
78 20 21
34 40 31
56 78 72
39 38 97
2 0 68
41 81 81
80 69 80
17 94 9
89 99 91
19 36 56
21 40 67
28 13 47
46 46 24
45 84 26
19 82 59
1 26 3
92 5 57
30 26 49
30 14 68
22 34 57
43 76 12
65 24 0
86 26 72
13 31 61
26 51 49
68 9 2
50 14 54
60 40 45
53 83 53
89 25 90
46 67 71
72 36 93
0 68 89
87 26 7
21 37 52
92 4 26
72 34 5
49 94 3
28 39 34
82 92 51
2 80 33
32 87 45
80 31 38
43 77 8
92 81 71
9 69 59
19 50 64
36 38 15
57 97 48
88 78 13
84 7 85
69 51 92
50 2 54
26 33 23
20 69 76
7 67 66
31 45 4
38 3 29
90 8 0
38 91 90
15 92 36
76 12 42
80 64 8
16 87 15
77 57 54
36 56 3
38 8 82
62 17 22
63 62 67
41 59 51
76 27 3
72 67 62
24 45 91
95 87 5
25 54 52
75 10 54
58 79 22
28 55 62
31 4 41
42 44 91
64 1 99
10 84 0
54 59 16
6 57 64
42 60 44
68 26 60
37 36 83
22 26 32
55 37 47
18 79 45
75 91 4
43 94 62
98 24 24
27 63 30
89 90 44
76 12 77
92 6 72
44 46 45
88 33 17
70 20 42
57 32 69
63 56 57
80 67 38
42 2 72
0 90 42
9 31 11
51 74 82
64 14 51
22 11 43
14 80 40
61 79 97
55 40 81
91 5 23
36 11 22
12 45 29
9 2 97
64 67 9
64 36 57
16 9 87
31 49 78
47 44 33
8 9 88
66 7 60
68 96 53
61 95 0
40 90 79
95 70 20
84 34 3
97 41 4
58 12 57
49 63 72
47 30 19
49 82 32
91 7 31
71 64 23
92 69 3
94 5 25
83 38 52
12 40 3
56 96 30
37 57 74
88 79 74
89 74 72
69 65 29
31 88 56
43 0 85
40 37 51
22 77 61
37 76 77
48 55 35
16 15 34
45 82 67
32 82 17
42 11 21
62 75 23
28 7 58
14 20 97
70 74 30
24 18 88
51 9 53
54 70 51
70 14 94
18 33 19
74 1 68
27 57 10
29 44 13
42 21 60
87 75 97
50 83 75
46 84 96
2 45 40
18 1 61
58 62 28
48 51 94
74 92 3
4 60 37
57 56 62
32 91 36
5 65 50
58 97 26
90 4 83
66 35 10
75 52 38
76 55 87
41 95 71
49 12 26
20 38 69
36 22 98
81 70 73
78 96 94
74 43 1
2 72 75
94 69 30
91 55 66
13 44 90
48 28 48
65 64 77
32 78 80
11 56 68
94 88 32
25 0 2
42 69 67
54 34 2
59 65 96
64 26 11
13 17 74
53 79 63
45 71 41
29 33 69
31 11 64
21 63 66
29 25 20
40 18 70
63 35 66
25 70 50
94 76 98
27 37 62
30 51 79
7 66 10
35 37 77
43 55 38
20 80 51
54 57 53
52 98 12
25 37 28
99 94 95
79 4 82
41 0 97
83 61 86
41 50 33
92 91 97
82 73 47
92 72 51
24 0 97
79 83 99
35 13 47
88 19 16
5 79 94
38 57 11
94 63 48
51 23 90
72 29 44
6 18 97
50 99 3
29 53 31
90 63 41
84 24 85
77 62 59
39 86 96
86 12 31
60 62 67
30 90 36
83 99 77
82 60 47
43 39 14
8 58 20
99 14 53
19 46 62
73 82 8
50 63 66
77 52 53
25 3 0
93 6 81
46 64 39
76 25 59
55 40 62
13 9 21
99 3 56
27 88 9
68 94 95
80 73 51
92 3 37
2 28 8
31 21 71
74 53 88
61 5 50
97 91 6
95 16 22
66 11 95
75 4 47
0 26 3
69 28 59
3 1 46
79 22 0
97 45 23
63 26 13
14 12 59
14 68 82
36 61 94
71 94 39
22 39 94
47 19 63
92 98 52
54 85 38
48 27 91
93 5 30
45 29 4
22 5 58
63 67 53
63 55 96
6 6 6
91 36 5
47 36 11
27 56 35
86 49 3
19 9 27
39 88 35
81 39 36
58 65 75
53 68 91
37 76 94
42 26 18
23 42 70
33 35 23
19 96 59
40 8 22
89 74 56
62 73 91
72 88 17
37 87 35
21 47 74
50 50 57
7 98 5
92 86 95
99 1 72
4 41 77
74 66 13
8 56 25
98 85 86
92 86 10
15 82 37
31 66 95
81 65 95
3 41 85
12 22 24
28 87 96
75 86 33
96 1 24
99 28 72
48 48 35
19 70 1
9 51 84
98 89 0
29 27 65
99 38 8
58 50 8
31 65 38
3 9 19
55 26 43
47 20 83
16 32 25
77 4 63
83 88 17
36 94 98
35 69 64
84 44 78
26 76 58
55 6 56
33 85 84
97 65 74
46 90 44
29 53 49
62 30 47
87 47 28
79 9 56
53 94 94
96 61 13
74 80 51
59 13 0
31 19 38
98 30 69
27 61 78
11 8 46
90 92 11
76 3 8
10 81 18
67 71 72
1 37 91
43 6 34
33 72 97
69 12 28
32 49 22
66 17 73
57 3 93
97 97 76
77 4 33
29 51 81
14 78 96
54 6 38
24 98 42
12 50 27
80 17 43
61 86 77
83 54 72
76 96 62
13 40 3
70 25 23
51 25 20
52 53 89
76 14 28
52 73 42
66 34 39
8 57 21
45 24 66
99 52 55
40 72 41
38 69 87
97 8 67
17 93 62
90 77 83
86 59 52
19 52 80
53 63 7
93 47 41
93 57 39
4 78 1
30 22 77
71 7 16
9 29 83
21 14 36
20 0 3
82 4 38
41 12 12
97 36 68
98 9 72
0 84 28
68 41 99
16 53 88
25 60 23
47 79 27
59 77 49
52 4 83
77 62 38
88 92 57
80 19 76
13 52 22
54 58 74
40 14 99
55 39 65
21 22 9
78 61 20
55 44 11
12 40 51
89 47 0
74 29 61
27 90 45
77 32 15
20 50 35
35 41 69
15 3 0
57 38 79
14 13 31
85 56 97
10 23 92
11 63 81
26 4 26
5 10 44
83 24 47
58 92 37
53 54 50
66 81 63
88 80 32
91 36 86
69 77 15
43 7 4
55 18 62
21 40 71
58 69 44
17 90 81
49 67 55
75 71 11
97 68 59
69 65 52
72 22 61
72 47 56
77 45 57
99 99 49
70 55 22
72 80 55
46 4 60
59 97 69
99 39 56
73 74 37
99 59 30
97 62 89
36 52 67
98 56 86
16 24 28
47 40 98
10 44 63
50 6 17
85 82 37
60 78 75
93 66 13
23 28 31
79 88 22
87 46 13
59 70 27
65 52 96
28 49 26
67 56 7
8 86 99
38 49 99
56 11 16
62 94 80
2 61 3
20 23 20
77 47 81
22 69 84
87 6 50
45 83 26
57 40 27
36 28 42
74 60 5
24 59 19
29 13 21
77 82 62
56 84 98
16 10 27
69 34 70
89 69 13
32 81 13
35 74 12
19 45 8
12 81 17
44 85 9
83 37 69
24 38 78
39 21 12
19 13 89
32 60 91
36 41 67
58 48 30
68 62 15
43 81 95
3 49 20
59 70 94
5 39 60
22 88 92
39 59 11
32 41 71
26 67 84
34 43 83
31 33 66
37 38 54
21 57 75
96 33 6
82 23 12
13 92 40
12 90 53
77 81 48
76 83 37
35 2 96
88 8 36
36 47 85
78 11 11
56 86 92
17 76 34
49 33 25
28 84 18
88 14 44
49 48 47
25 34 7
16 5 89
54 80 24
27 93 66
47 50 1
5 46 17
7 36 21
82 3 93
74 3 42
10 98 21
75 8 23
12 79 56
49 29 72
37 38 0
7 32 22
76 51 91
33 82 90
91 28 59
52 88 35
84 37 16
19 67 7
47 0 46
44 93 93
78 52 46
86 87 12
3 40 74
49 64 5
94 18 80
67 75 30
29 55 1
83 87 47
54 1 20
15 12 6
9 47 28
38 16 51
70 72 86
56 4 64
91 95 48
81 4 1
22 44 93
7 99 88
77 14 54
88 66 95
69 40 86
22 27 9
8 81 76
36 60 98
38 35 3
71 92 67
36 40 29
97 54 9
71 46 7
97 21 97
29 22 88
22 15 51
77 12 7
60 42 36
65 1 40
72 23 64
24 17 4
0 72 58
64 65 23
99 47 38
78 52 5
99 56 68
66 78 96
27 90 97
40 5 94
1 10 53
99 34 81
40 30 1
36 50 88
19 28 4
52 77 64
11 66 95
16 11 46
97 95 92
7 98 31
51 47 65
13 51 78
89 98 57
81 16 53
49 91 13
23 15 52
34 30 66
63 69 50
66 4 59
29 97 35
48 8 32
26 18 80
61 46 33
41 5 71
45 80 66
74 99 4
4 38 96
1 1 30
36 92 52
80 43 63
14 52 6
87 27 68
23 5 34
58 99 54
58 20 80
50 8 13
93 80 36
5 99 16
22 32 25
69 26 60
88 92 82
69 70 67
58 77 2
0 12 92
10 56 48
17 89 8
39 95 99
66 66 29
89 31 80
92 1 10
2 85 89
35 5 66
7 71 57
73 55 99
82 31 21
39 41 45
94 39 61
68 11 11
44 34 87
52 93 77
4 69 17
21 72 24
98 64 51
50 48 10
44 48 16
8 2 93
92 98 37
9 80 22
15 2 56
88 15 48
44 47 68
61 47 57
75 47 79
20 74 44
37 21 53
43 49 30
86 55 26
22 2 27
64 33 52
26 48 96
81 37 40
36 26 56
30 87 78
21 51 80
49 26 38
19 67 50
31 34 82
71 5 22
58 61 64
32 61 53
74 75 74
17 94 4
8 45 59
17 72 99
24 61 64
90 89 93
75 66 98
92 81 82
3 50 66
57 12 10
13 6 48
31 1 89
63 41 7
50 61 15
4 91 76
88 65 26
90 94 44
53 4 23
23 62 88
58 29 17
35 76 71
57 7 20
85 58 75
33 54 55
64 10 4
47 24 24
76 11 92
38 79 69
61 63 8
65 29 25
75 36 54
62 12 37
89 50 88
3 56 97
38 27 89
66 11 84
91 95 35
51 41 16
20 54 34
18 90 84
93 3 24
79 83 27
46 99 56
21 9 33
79 78 6
6 54 56
28 45 20
27 81 25
78 45 53
30 25 84
65 38 16
26 50 94
89 82 84
44 3 58
11 81 86
81 67 15
68 82 33
52 96 21
59 52 81
95 93 7
50 94 81
72 21 60
39 99 40
80 1 0
29 69 30
68 15 84
27 5 14
66 64 73
52 36 92
61 77 84
42 96 52
62 68 74
60 71 24
74 89 69
32 36 23
20 59 35
69 17 80
15 29 34
55 67 83
95 45 88
82 28 49
11 37 93
30 78 21
46 94 43
8 26 49
83 31 65
53 68 3
47 86 32
27 22 88
4 40 72
95 5 19
60 18 98
85 35 58
74 7 21
7 66 38
92 15 48
60 70 23
67 59 28
56 89 52
79 0 20
89 78 25
12 30 55
41 4 54
23 96 35
84 98 81
21 87 58
21 93 37
59 54 0
9 62 46
78 2 97
45 9 58
16 0 27
61 85 96
38 6 96
61 74 2
21 14 25
32 87 96
91 59 72
7 37 72
6 73 3
18 1 96
78 97 33
34 18 4
66 81 63
22 86 61
98 20 24
80 38 86
1 33 95
99 89 36
65 27 24
51 22 65
78 64 14
86 11 88
27 27 35
45 47 61
46 92 48
41 74 77
61 80 3
29 43 61
85 9 23
56 60 75
61 98 27
40 59 74
79 53 33
82 57 26
66 69 7
65 83 63
28 92 11
39 58 88
35 7 48
80 52 68
28 73 25
74 27 18
44 14 51
35 8 9
13 9 68
30 49 61
22 74 80
49 57 67
81 11 29
8 64 74
75 89 11
67 12 29
35 65 5
12 77 46
30 35 90
97 41 93
55 63 73
48 24 75
18 93 68
9 4 63
61 58 35
89 4 90
97 21 89
77 23 20
82 89 92
19 9 25
20 40 59
78 57 69
54 4 86
72 96 18
82 94 75
84 88 8
8 95 99
79 57 4
98 90 77
97 40 55
67 44 54
51 28 2
23 86 29
80 18 14
26 2 20
67 82 6
52 38 22
51 82 31
10 21 1
41 79 10
71 51 23
62 83 73
34 25 97
84 32 57
54 28 66
13 53 93
4 68 69
80 5 7
20 25 97
68 93 87
66 46 43
10 66 98
26 32 95
66 19 72
1 95 81
87 88 95
35 25 90
16 89 42
28 22 31
50 81 98
60 79 0
10 3 32
45 87 64
42 32 26
40 75 3
70 60 30
2 15 55
79 43 93
71 70 93
86 85 68
38 49 78
45 29 62
52 35 94
13 23 92
35 25 15
70 95 9
55 58 82
86 77 66
11 15 47
92 86 76
56 32 63
71 2 57
53 86 94
99 86 64
71 43 81
47 11 5
40 84 96
78 17 79
7 32 90
86 35 31
72 20 52
99 40 7
0 49 75
85 62 34
97 20 44
88 86 1
73 70 52
43 30 9
24 76 23
71 51 94
4 19 33
76 95 5
58 74 16
72 20 63
38 67 69
47 52 60
75 69 67
79 27 94
51 5 39
60 11 93
25 34 6
50 38 75
55 2 23
84 44 53
36 25 53
17 45 96
83 32 52
65 32 31
59 84 52
20 28 7
73 23 47
35 57 35
78 68 38
87 9 61
8 81 58
10 52 52
62 73 58
87 34 7
74 92 41
16 4 32
56 23 2
92 9 20
75 65 7
7 93 48
82 20 97
81 47 19
66 32 88
71 13 29
1 3 81
10 73 30
91 44 53
61 3 63
34 57 77
54 73 49
57 94 44
26 92 99
5 81 46
39 3 54
94 7 71
64 30 12
9 54 38
49 20 82
1 86 64
10 10 25
51 81 19
11 1 19
99 57 61
21 76 53
59 5 41
13 23 39
40 30 56
68 62 89
66 75 96
16 69 59
93 98 91
67 44 45
47 0 23
20 7 76
12 39 10
43 71 12
63 52 66
28 85 3
51 99 17
86 55 77
52 64 28
90 57 94
23 31 52
24 8 80
60 99 71
51 75 39
62 8 60
51 8 21
67 86 67
87 80 30
92 74 71
27 6 2
11 81 6
46 29 17
0 32 22
76 7 25
92 93 23
16 73 79
47 89 52
76 96 11
79 35 89
44 66 45
54 10 19
25 48 43
53 38 1
58 98 9
33 21 16
50 69 47
95 56 95
38 71 32
85 36 79
16 61 44
15 12 10
96 17 76
46 3 48
11 51 0
65 78 54
80 12 3
99 50 87
91 21 30
77 1 71
33 56 93
15 70 40
79 11 14
13 73 43
10 77 98
2 14 92
18 12 56
71 79 33
49 28 6
52 2 79
21 52 75
89 35 77
49 86 24
15 64 71
97 70 58
70 5 56
32 49 0
80 81 81
76 36 93
63 62 70
65 49 98
31 40 90
37 35 94
55 44 31
5 92 30
46 81 78
71 78 35
68 48 99
58 21 67
76 77 34
36 16 46
64 53 52
38 25 49
88 5 1
2 71 32
66 65 64
25 24 94
34 67 76
64 48 28
97 76 70
94 45 68
98 54 35
45 69 81
88 13 36
92 13 22
58 57 73
10 70 4
66 74 44
87 16 66
77 25 7
20 4 77
91 35 95
77 89 67
83 49 9
25 85 32
99 35 78
97 61 45
5 82 47
91 97 18
82 13 89
35 94 97
7 6 12
1 17 67
21 24 42
1 56 29
22 93 57
5 52 10
1 82 16
98 13 68
82 55 90
64 0 21
20 98 8
3 87 83
46 70 49
60 9 47
70 44 55
68 97 83
73 21 56
92 69 39
34 79 40
56 23 51
26 49 43
30 14 61
4 1 90
44 50 83
47 0 17
38 80 76
53 62 98
77 64 54
75 58 60
95 37 47
90 27 98
70 93 0
61 5 13
37 79 97
78 49 0
84 68 85
26 0 43
29 58 39
7 39 47
64 94 28
23 41 28
24 96 16
5 7 61
35 4 27
16 19 50
92 14 32
60 90 28
69 67 45
74 43 24
47 78 52
12 48 65
91 90 54
55 89 82
99 2 97
90 62 3
48 74 72
45 31 83
52 70 48
82 16 30
2 15 57
61 70 66
55 34 61
1 87 56
51 71 69
89 57 20
42 26 18
53 53 28
14 50 23
18 54 5
35 28 65
53 19 19
76 12 42
52 99 89
62 37 27
15 43 32
44 49 80
95 40 61
79 63 34
82 91 54
14 36 20
65 37 47
52 72 24
49 15 40
17 54 61
82 71 82
78 67 13
75 1 59
75 45 17
1 59 67
8 99 54
80 97 19
89 77 62
11 24 4
10 50 16
53 66 3
62 87 75
91 1 3
96 19 70
84 99 48
61 76 8
69 91 4
76 10 45
13 76 88
83 16 13
42 30 50
28 38 82
33 9 55
10 41 18
14 71 87
55 81 15
54 34 52
47 63 69
53 95 79
65 76 32
75 59 15
71 32 40
88 23 10
50 44 61
71 25 94
65 3 89
44 54 16
24 37 32
15 93 19
53 18 18
51 30 67
12 69 30
22 22 18
91 55 64
15 82 94
72 83 22
2 8 78
31 4 60
6 70 60
67 44 11
48 31 26
62 64 32
46 54 21
35 70 28
72 87 19
4 49 20
99 1 33
57 51 39
39 78 37
19 61 48
44 12 67
90 54 28
70 62 11
50 92 87
72 68 59
29 27 66
97 86 75
75 45 39
53 33 30
91 82 7
97 87 16
93 58 44
5 0 73
74 65 6
76 49 41
51 61 78
77 43 2
40 73 59
91 67 27
57 99 4
47 94 39
74 33 64
19 74 12
67 44 75
92 57 38
85 49 57
42 59 93
13 28 76
16 24 70
89 48 61
43 33 69
89 10 7
60 32 81
29 8 71
69 54 85
42 48 36
24 31 77
51 96 27
7 41 34
21 91 90
79 17 92
73 62 9
88 86 88
73 76 69
44 14 38
78 84 41
23 6 96
7 36 36
50 80 11
54 22 0
11 7 99
66 55 9
24 60 37
12 74 71
72 31 94
34 43 18
30 33 61
57 50 1
44 96 41
25 45 31
97 57 53
5 21 22
24 23 5
73 12 70
89 0 30
61 75 28
64 55 23
14 39 90
90 42 1
55 40 61
21 36 94
91 59 45
74 60 61
26 50 69
31 35 53
47 19 82
77 31 69
5 48 25
95 13 65
57 98 17
95 13 64
83 1 62
56 61 56
71 84 59
64 61 8
49 34 86
50 31 5
96 44 83
6 18 17
21 53 77
25 97 0
22 38 46
36 58 23
94 43 79
38 37 16
64 34 16
32 34 27
89 71 41
86 60 93
89 89 28
0 1 0
11 39 34
27 51 62
94 29 23
21 82 67
47 38 9
95 9 13
89 85 61
7 87 63
26 8 68
17 38 31
80 43 31
54 66 60
75 51 63
88 55 82
99 77 35
40 90 29
11 73 49
52 53 3
94 15 11
58 98 61
40 27 42
12 54 18
71 75 29
19 16 23
71 98 94
99 60 76
27 4 81
66 33 14
71 1 10
29 41 67
78 46 32
50 88 99
51 74 35
1 80 13
99 9 85
68 57 65
95 23 19
33 61 77
56 45 28
73 31 17
26 32 54
58 3 50
74 1 24
78 33 51
10 1 73
59 68 31
15 65 45
24 76 60
76 49 29
55 8 5
83 67 0
95 77 71
67 93 33
19 68 81
73 70 34
39 63 95
36 65 17
30 5 67
14 67 98
95 86 1
53 50 93
33 22 71
72 14 11
51 98 12
40 53 50
42 16 93
16 86 40
91 20 4
17 2 38
31 51 23
13 39 75
13 93 82
14 53 35
29 62 23
67 94 48
83 69 70
49 49 88
29 2 42
40 62 23
95 56 37
34 24 69
99 13 57
17 72 1
91 50 47
10 49 29
85 50 70
79 95 49
53 43 80
18 10 12
80 32 58
12 63 20
21 65 20
89 58 81
32 17 88
82 66 29
65 50 33
93 20 13
26 80 89
38 19 82
43 0 6
36 23 38
82 88 40
81 77 47
95 68 2
56 14 70
46 95 63
24 88 71
24 63 15
48 94 89
57 57 16
89 22 5
51 99 55
91 63 24
84 96 65
11 43 62
91 65 49
90 1 48
98 61 90
49 89 4
99 53 99
23 64 22
0 44 8
39 33 47
97 63 42
17 19 25
28 3 24
30 15 44
12 78 29
40 13 21
93 76 64
39 53 30
54 36 66
31 51 19
38 79 68
76 1 25
94 88 13
11 8 60
92 98 48
86 21 89
11 79 78
8 36 13
92 42 57
91 6 40
16 31 44
84 22 85
65 46 79
89 52 78
17 31 53
71 68 6
49 2 26
33 82 96
31 92 99
23 29 92
27 17 14
10 90 52
67 25 34
77 78 80
32 7 20
78 92 17
8 38 38
25 79 30
99 62 44
50 43 93
21 10 34
92 86 54
39 70 65
61 41 17
77 68 68
57 54 58
79 53 7
62 75 57
49 35 2
56 13 37
45 92 65
62 88 77
54 37 42
16 69 97
60 19 58
67 57 64
73 91 47
62 82 48
13 21 42
39 78 34
55 67 79
98 24 85
32 98 84
79 61 30
25 4 90
50 16 15
84 80 38
51 65 17
54 58 32
76 21 14
86 17 0
54 92 12
27 0 30
16 66 66
92 43 77
3 61 68
55 29 91
88 90 63
54 65 33
38 27 21
82 96 3
38 53 58
3 60 20
20 24 88
84 47 62
17 80 74
96 29 48
61 71 62
48 58 32
41 95 82
74 0 1
89 63 48
67 60 87
11 72 86
61 56 83
16 51 73
53 50 67
40 32 64
11 34 74
45 34 7
18 19 93
48 87 58
59 25 47
97 82 73
83 75 56
88 77 19
56 22 67
62 92 99
60 62 35
62 77 52
26 42 32
76 78 54
64 6 97
96 31 56
90 47 39
64 74 84
12 5 26
68 84 12
28 49 87
88 5 98
10 10 4
94 56 19
12 94 89
11 37 28
91 15 8
52 63 73
2 43 81
21 37 86
3 37 37
55 48 32
6 85 32
78 10 1
51 95 81
43 84 26
93 7 55
65 85 50
80 80 28
5 23 34
44 24 41
33 50 21
61 88 47
58 57 47
80 78 57
2 68 91
63 9 58
23 46 91
62 89 47
69 54 0
39 90 19
41 87 48
67 13 27
30 31 69
87 58 22
2 95 39
66 41 38
76 91 62
99 94 80
88 29 98
72 62 6
10 38 78
0 2 74
21 79 84
3 62 35
1 10 12
23 85 70
14 52 46
75 74 30
32 98 10
93 60 36
64 92 13
66 98 63
20 54 29
64 1 43
69 40 12
14 81 46
17 85 45
15 87 80
13 28 28
76 60 43
60 61 75
4 66 37
50 30 6
18 45 53
2 26 39
91 66 99
44 89 91
61 82 94
36 17 2
96 30 53
4 4 14
62 40 3
87 90 14
3 89 86
31 10 7
90 20 52
38 97 63
94 35 13
38 85 42
98 14 60
71 29 97
59 63 7
69 42 90
44 89 97
9 69 99
8 24 16
88 9 1
32 56 28
53 21 18
35 0 80
88 99 30
42 39 22
83 26 88
91 38 69
74 33 90
43 85 34
49 79 80
49 1 74
47 62 32
90 7 84
66 59 46
69 31 31
40 15 66
32 39 52
22 80 16
53 83 2
59 79 4
58 54 83
94 59 52
64 95 21
93 63 1
55 75 14
55 95 48
33 57 28
54 50 94
31 36 91
74 48 70
81 68 64
35 25 62
1 2 41
49 66 0
90 17 21
47 95 54
21 85 97
85 99 12
42 94 76
37 1 39
54 13 34
46 0 20
6 69 78
89 54 5
9 86 36
98 30 64
53 12 33
49 75 2
16 27 33
48 69 95
46 74 75
93 81 66
54 22 18
81 82 85
32 84 29
63 97 2
73 4 67
94 86 11
81 85 26
70 47 28
94 81 34
64 21 78
68 48 87
18 17 86
47 79 18
75 66 12
14 61 84
63 68 57
84 64 36
42 75 98
60 29 31
65 77 12
77 27 72
44 20 83
52 93 4
19 11 41
85 91 10
30 98 72
72 32 75
5 1 65
52 94 15
25 41 44
76 94 42
85 85 71
37 47 52
8 78 68
38 64 83
52 58 71
41 49 33
25 93 37
39 4 18
60 44 31
42 4 16
67 6 5
41 16 91
16 0 72
51 5 96
38 23 74
52 76 20
65 55 58
19 18 69
21 54 55
50 63 92
32 1 38
76 71 14
45 54 21
83 10 61
6 25 27
95 96 4
37 63 27
47 59 22
65 2 91
0 27 28
52 78 86
68 16 68
69 66 42
24 77 57
73 76 51
28 84 91
5 58 49
18 50 83
60 23 37
99 76 22
59 92 5
25 4 53
16 21 47
87 30 34
71 4 55
31 59 97
32 16 3
16 60 27
31 38 63
42 63 18
74 12 48
71 0 83
40 58 49
96 3 6
18 43 5
76 25 64
38 51 29
18 42 73
25 85 55
43 17 82
98 63 80
39 45 26
97 90 90
32 41 9
1 3 8
50 73 60
91 46 18
44 75 55
62 28 73
71 99 83
55 71 1
6 5 43
31 55 16
52 89 61
88 13 74
16 33 76
87 88 90
57 29 95
11 87 45
61 81 75
49 27 65
89 41 70
83 63 2
41 83 28
61 21 64
18 35 25
7 63 75
59 45 72
17 57 66
26 31 58
0 9 80
58 54 37
34 37 99
3 74 55
80 50 65
59 22 55
43 52 65
82 72 57
9 61 39
44 54 63
21 74 5
8 1 85
22 84 68
33 78 52
44 6 56
31 99 84
12 18 6
38 18 56
19 34 81
23 63 46
24 16 57
85 18 35
6 93 36
13 11 74
20 39 70
15 16 64
63 57 40
45 46 86
81 10 80
86 89 49
39 73 57
39 53 25
60 66 57
92 55 48
92 76 74
42 32 60
51 72 10
1 16 22
5 79 6
87 75 14
37 99 55
18 5 96
93 87 28
7 52 47
57 55 5
52 23 85
52 84 51
71 4 2
26 74 11
63 58 5
27 90 7
85 35 73
82 36 28
43 46 3
58 32 87
41 41 2
77 35 36
74 37 7
96 41 69
3 51 76
42 75 76
99 36 72
29 48 19
34 35 63
26 28 57
71 48 55
76 80 61
93 69 81
77 68 4
62 43 21
67 64 69
95 43 75
37 77 22
27 96 88
19 81 13
26 94 67
4 1 53
59 27 49
5 80 26
32 65 1
50 35 45
18 40 28
96 75 26
99 28 30
89 49 43
67 81 86
24 28 85
40 77 90
17 59 7
75 30 29
8 68 34
49 34 32
41 61 27
35 20 63
23 52 63
15 54 71
87 89 58
57 20 36
39 85 45
46 74 1
38 11 94
24 16 68
99 87 54
94 42 51
10 6 91
75 54 83
15 84 73
67 59 87
93 69 34
66 91 10
91 76 82
12 40 17
65 94 39
10 68 37
98 42 35
48 34 10
55 72 43
81 43 12
0 6 65
87 83 18
52 91 79
39 31 8
58 79 18
22 14 62
27 27 37
84 66 17
44 17 23
25 37 92
51 98 14
5 52 26
78 93 7
73 15 86
3 49 88
21 95 9
94 93 33
4 34 94
14 18 84
68 93 48
25 39 24
94 27 0
92 17 85
46 46 76
45 42 89
84 88 76
73 12 53
23 37 7
64 64 53
91 43 91
65 59 57
65 51 39
78 8 66
50 34 68
60 76 79
42 6 4
20 58 45
29 73 45
2 27 85
45 60 84
46 74 76
23 23 5
90 67 38
13 39 7
92 76 70
17 3 76
73 57 79
53 48 62
89 81 38
56 33 37
92 91 58
0 49 26
32 93 17
24 21 95
30 20 23
61 84 90
36 92 50
86 27 35
40 20 36
91 51 93
8 42 15
53 0 36
58 63 44
68 11 29
60 94 46
33 30 71
20 27 67
10 37 94
56 41 4
94 82 78
47 87 61
87 16 31
57 58 77
72 16 64
79 89 93
39 17 49
92 18 61
58 14 26
73 53 27
95 35 63
9 67 84
87 44 95
74 87 40
13 95 34
58 21 51
63 53 47
17 50 7
74 15 34
76 20 4
94 62 97
5 49 75
47 77 55
21 75 27
35 88 97
10 93 58
10 24 80
23 67 60
44 17 53
9 56 75
57 12 37
72 34 4
0 34 32
85 74 96
6 69 62
80 14 23
16 34 95
59 73 98
62 17 16
75 56 39
71 72 31
46 42 67
41 70 85
83 78 71
4 17 48
23 48 61
53 62 45
46 83 79
65 29 14
18 36 27
13 2 24
21 39 43
74 94 3
78 37 54
34 75 21
8 84 89
55 9 46
97 54 11
19 41 76
62 31 61
66 55 46
82 94 30
35 71 25
27 61 8
17 74 15
68 26 54
34 25 62
73 9 41
10 55 38
97 24 56
13 47 78
47 54 18
59 97 80
17 93 33
52 44 6
43 94 54
26 98 70
88 79 69
85 86 6
48 94 94
51 42 90
35 43 19
14 30 69
74 78 97
47 3 90
87 27 56
27 43 36
96 27 92
90 76 56
25 37 27
83 38 3
65 41 90
25 10 28
20 21 40
18 98 90
17 44 68
95 78 59
25 48 83
95 25 13
99 47 22
60 11 17
21 9 88
86 88 26
15 76 47
10 31 30
21 55 26
85 3 59
74 47 35
88 27 12
5 83 88
49 14 46
24 53 27
12 66 8
46 70 78
74 3 74
94 92 89
17 43 29
73 63 23
3 10 37
4 71 76
43 66 25
52 4 27
12 62 57
19 48 28
1 13 36
17 37 84
46 28 0
86 33 33
16 82 18
85 97 14
67 88 49
64 65 0
65 81 86
62 30 69
1 99 9
74 9 22
20 0 20
92 8 25
39 23 53
94 85 11
65 94 61
75 69 9
54 38 36
2 2 69
60 84 61
50 83 96
72 6 99
13 5 22
73 84 28
16 7 27
70 37 53
66 23 91
91 6 76
45 49 20
17 38 30
57 70 75
5 94 18
11 82 87
95 13 36
48 70 76
11 66 91
16 44 58
3 15 7
53 56 34
79 56 0
94 30 54
36 60 3
74 3 86
63 5 84
21 65 62
46 13 36
93 49 53
83 68 57
28 35 45
41 49 7
66 60 29
44 90 99
37 96 96
69 80 4
42 12 34
3 18 73
69 58 65
7 64 44
83 12 57
7 73 13
66 58 98
11 69 5
43 45 84
71 12 75
61 6 30
84 29 74
41 62 83
11 37 78
60 44 83
10 48 89
33 61 33
35 20 90
66 2 33
60 84 75
60 75 64
55 83 60
79 39 54
26 43 14
97 85 7
29 77 50
78 22 16
52 16 31
80 65 4
94 72 20
56 18 81
19 34 33
51 76 35
80 62 2
23 24 77
63 67 28
92 66 62
53 36 96
73 42 8
37 43 95
81 23 82
21 74 77
8 40 68
37 6 90
22 31 12
54 22 97
37 24 13
11 58 84
75 37 15
63 6 26
9 74 49
55 94 61
70 54 88
15 59 53
70 73 30
99 10 20
40 63 25
76 43 36
35 19 23
57 12 64
0 22 70
16 15 85
28 78 3
17 88 68
69 97 3
25 43 42
81 78 99
64 11 2
86 24 18
73 73 19
49 60 95
70 90 61
1 51 18
30 53 56
38 37 41
92 50 34
56 28 12
32 16 93
54 24 72
31 25 19
57 57 69
81 42 32
37 88 66
51 20 92
74 4 40
74 78 75
82 93 65
87 85 52
20 90 43
6 21 1
71 15 16
92 1 51
0 31 37
28 60 32
61 74 90
84 41 20
81 16 53
97 39 41
61 88 97
14 16 89
52 92 99
35 27 6
87 38 40
83 66 65
97 44 29
55 24 72
38 96 41
65 96 3
91 41 74
87 9 69
2 48 88
95 83 56
47 97 41
0 74 75
34 50 91
59 75 58
3 2 3
99 94 9
41 80 84
71 96 7
32 40 85
47 39 69
61 91 60
30 52 56
86 38 61
55 39 48
77 73 70
95 7 96
19 81 28
21 71 73
32 59 63
1 75 75
84 0 87
92 62 2
55 35 20
53 85 45
35 42 59
73 89 77
71 14 56
26 80 95
11 12 40
97 45 4
31 40 61
81 81 76
38 74 40
5 66 19
14 35 37
71 52 96
17 19 96
13 86 29
60 82 17
61 31 59
50 43 65
72 54 28
76 37 26
41 90 38
96 37 88
21 22 89
8 38 39
97 72 17
19 98 95
56 47 35
32 4 23
40 9 53
53 18 67
35 67 76
69 51 74
9 48 38
76 68 88
46 54 75
31 40 93
3 4 69
54 20 1
59 1 36
42 14 26
13 99 9
94 8 19
44 28 32
14 34 80
7 91 5
37 83 67
13 39 72
51 78 46
4 71 87
50 3 86
22 71 6
13 13 49
13 18 54
74 26 59
5 69 44
41 27 69
32 28 82
37 45 80
25 56 58
18 68 9
